1	2 	3	4
1	10022	10025	1
2	10022	10025	1
54	10022	10025	1
55	10022	10025	0
3	10022	10053	1
56	10022	10053	0
4	10022	10054	1
57	10022	10054	0
5	10022	10055	1
6	10022	10055	1
58	10022	10055	1
59	10022	10055	0
7	10022	10056	1
60	10022	10056	0
8	10022	10057	1
61	10022	10057	0
9	10022	10058	1
10	10022	10058	1
62	10022	10058	1
63	10022	10058	0
11	10022	10059	1
64	10022	10059	0
12	10022	10060	1
65	10022	10060	0
13	10022	10061	1
66	10022	10061	0
14	10022	10196	1
67	10022	10196	0
15	10022	10197	1
68	10022	10197	0
16	10022	10198	1
69	10022	10198	0
17	10022	10199	1
70	10022	10199	0
18	10022	10200	1
19	10022	10200	1
71	10022	10200	1
72	10022	10200	0
20	10022	10201	1
73	10022	10201	0
21	10022	10202	1
22	10022	10202	1
74	10022	10202	1
75	10022	10202	0
23	10022	10203	1
24	10022	10203	1
76	10022	10203	1
77	10022	10203	0
25	10022	10204	1
78	10022	10204	0
26	10022	10205	1
27	10022	10205	1
79	10022	10205	1
80	10022	10205	0
28	10022	10211	1
29	10022	10211	1
81	10022	10211	1
82	10022	10211	0
30	10022	10213	1
31	10022	10213	1
83	10022	10213	1
84	10022	10213	0
32	10022	10294	1
33	10022	10294	1
85	10022	10294	1
86	10022	10294	0
34	10022	10312	1
87	10022	10312	0
35	10022	10313	1
88	10022	10313	0
36	10022	10314	1
89	10022	10314	0
37	10022	10315	1
90	10022	10315	0
38	10022	10316	1
91	10022	10316	0
39	10022	10317	1
92	10022	10317	0
40	10022	10330	1
93	10022	10330	0
41	10022	10331	1
94	10022	10331	0
42	10022	10332	1
95	10022	10332	0
43	10022	10336	1
96	10022	10336	0
44	10022	10337	1
97	10022	10337	0
45	10022	10338	1
98	10022	10338	0
46	10022	10339	1
47	10022	10339	1
99	10022	10339	1
100	10022	10339	0
48	10022	10340	1
101	10022	10340	0
49	10022	10342	1
102	10022	10342	0
50	10022	10343	1
103	10022	10343	0
51	10022	10344	1
104	10022	10344	0
52	10022	10345	1
105	10022	10345	0
53	10022	10398	1
106	10022	10398	0
107	10025	10022	1
108	10025	10022	1
160	10025	10022	1
161	10025	10022	0
109	10025	10053	1
162	10025	10053	0
110	10025	10054	1
163	10025	10054	0
111	10025	10055	1
112	10025	10055	1
164	10025	10055	1
165	10025	10055	0
113	10025	10056	1
166	10025	10056	0
114	10025	10057	1
167	10025	10057	0
115	10025	10058	1
116	10025	10058	1
168	10025	10058	1
169	10025	10058	0
117	10025	10059	1
170	10025	10059	0
118	10025	10060	1
171	10025	10060	0
119	10025	10061	1
172	10025	10061	0
120	10025	10196	1
173	10025	10196	0
121	10025	10197	1
174	10025	10197	0
122	10025	10198	1
175	10025	10198	0
123	10025	10199	1
176	10025	10199	0
124	10025	10200	1
125	10025	10200	1
177	10025	10200	1
178	10025	10200	0
126	10025	10201	1
179	10025	10201	0
127	10025	10202	1
128	10025	10202	1
180	10025	10202	1
181	10025	10202	0
129	10025	10203	1
130	10025	10203	1
182	10025	10203	1
183	10025	10203	0
131	10025	10204	1
184	10025	10204	0
132	10025	10205	1
133	10025	10205	1
185	10025	10205	1
186	10025	10205	0
134	10025	10211	1
135	10025	10211	1
187	10025	10211	1
188	10025	10211	0
136	10025	10213	1
137	10025	10213	1
189	10025	10213	1
190	10025	10213	0
138	10025	10294	1
139	10025	10294	1
191	10025	10294	1
192	10025	10294	0
140	10025	10312	1
193	10025	10312	0
141	10025	10313	1
194	10025	10313	0
142	10025	10314	1
195	10025	10314	0
143	10025	10315	1
196	10025	10315	0
144	10025	10316	1
197	10025	10316	0
145	10025	10317	1
198	10025	10317	0
146	10025	10330	1
199	10025	10330	0
147	10025	10331	1
200	10025	10331	0
148	10025	10332	1
201	10025	10332	0
149	10025	10336	1
202	10025	10336	0
150	10025	10337	1
203	10025	10337	0
151	10025	10338	1
204	10025	10338	0
152	10025	10339	1
153	10025	10339	1
205	10025	10339	1
206	10025	10339	0
154	10025	10340	1
207	10025	10340	0
155	10025	10342	1
208	10025	10342	0
156	10025	10343	1
209	10025	10343	0
157	10025	10344	1
210	10025	10344	0
158	10025	10345	1
211	10025	10345	0
159	10025	10398	1
212	10025	10398	0
213	10053	10022	1
214	10053	10022	0
215	10053	10025	1
216	10053	10025	0
217	10053	10054	0
218	10053	10055	1
219	10053	10055	0
220	10053	10056	0
221	10053	10057	0
222	10053	10058	1
223	10053	10058	0
224	10053	10059	0
225	10053	10060	0
226	10053	10061	0
227	10053	10196	0
228	10053	10197	0
229	10053	10198	0
230	10053	10199	0
231	10053	10200	1
232	10053	10200	0
233	10053	10201	0
234	10053	10202	1
235	10053	10202	0
236	10053	10203	1
237	10053	10203	0
238	10053	10204	0
239	10053	10205	1
240	10053	10205	0
241	10053	10211	1
242	10053	10211	0
243	10053	10213	1
244	10053	10213	0
245	10053	10294	1
246	10053	10294	0
247	10053	10312	0
248	10053	10313	0
249	10053	10314	0
250	10053	10315	0
251	10053	10316	0
252	10053	10317	0
253	10053	10330	0
254	10053	10331	0
255	10053	10332	0
256	10053	10336	0
257	10053	10337	0
258	10053	10338	0
259	10053	10339	1
260	10053	10339	0
261	10053	10340	0
262	10053	10342	0
263	10053	10343	0
264	10053	10344	0
265	10053	10345	0
266	10053	10398	0
267	10054	10022	1
268	10054	10022	0
269	10054	10025	1
270	10054	10025	0
271	10054	10053	0
272	10054	10055	1
273	10054	10055	0
274	10054	10056	0
275	10054	10057	0
276	10054	10058	1
277	10054	10058	0
278	10054	10059	0
279	10054	10060	0
280	10054	10061	0
281	10054	10196	0
282	10054	10197	0
283	10054	10198	0
284	10054	10199	0
285	10054	10200	1
286	10054	10200	0
287	10054	10201	0
288	10054	10202	1
289	10054	10202	0
290	10054	10203	1
291	10054	10203	0
292	10054	10204	0
293	10054	10205	1
294	10054	10205	0
295	10054	10211	1
296	10054	10211	0
297	10054	10213	1
298	10054	10213	0
299	10054	10294	1
300	10054	10294	0
301	10054	10312	0
302	10054	10313	0
303	10054	10314	0
304	10054	10315	0
305	10054	10316	0
306	10054	10317	0
307	10054	10330	0
308	10054	10331	0
309	10054	10332	0
310	10054	10336	0
311	10054	10337	0
312	10054	10338	0
313	10054	10339	1
314	10054	10339	0
315	10054	10340	0
316	10054	10342	0
317	10054	10343	0
318	10054	10344	0
319	10054	10345	0
320	10054	10398	0
321	10055	10022	1
322	10055	10022	1
374	10055	10022	1
375	10055	10022	0
323	10055	10025	1
324	10055	10025	1
376	10055	10025	1
377	10055	10025	0
325	10055	10053	1
378	10055	10053	0
326	10055	10054	1
379	10055	10054	0
327	10055	10056	1
380	10055	10056	0
328	10055	10057	1
381	10055	10057	0
329	10055	10058	1
330	10055	10058	1
382	10055	10058	1
383	10055	10058	0
331	10055	10059	1
384	10055	10059	0
332	10055	10060	1
385	10055	10060	0
333	10055	10061	1
386	10055	10061	0
334	10055	10196	1
387	10055	10196	0
335	10055	10197	1
388	10055	10197	0
336	10055	10198	1
389	10055	10198	0
337	10055	10199	1
390	10055	10199	0
338	10055	10200	1
339	10055	10200	1
391	10055	10200	1
392	10055	10200	0
340	10055	10201	1
393	10055	10201	0
341	10055	10202	1
342	10055	10202	1
394	10055	10202	1
395	10055	10202	0
343	10055	10203	1
344	10055	10203	1
396	10055	10203	1
397	10055	10203	0
345	10055	10204	1
398	10055	10204	0
346	10055	10205	1
347	10055	10205	1
399	10055	10205	1
400	10055	10205	0
348	10055	10211	1
349	10055	10211	1
401	10055	10211	1
402	10055	10211	0
350	10055	10213	1
351	10055	10213	1
403	10055	10213	1
404	10055	10213	0
352	10055	10294	1
353	10055	10294	1
405	10055	10294	1
406	10055	10294	0
354	10055	10312	1
407	10055	10312	0
355	10055	10313	1
408	10055	10313	0
356	10055	10314	1
409	10055	10314	0
357	10055	10315	1
410	10055	10315	0
358	10055	10316	1
411	10055	10316	0
359	10055	10317	1
412	10055	10317	0
360	10055	10330	1
413	10055	10330	0
361	10055	10331	1
414	10055	10331	0
362	10055	10332	1
415	10055	10332	0
363	10055	10336	1
416	10055	10336	0
364	10055	10337	1
417	10055	10337	0
365	10055	10338	1
418	10055	10338	0
366	10055	10339	1
367	10055	10339	1
419	10055	10339	1
420	10055	10339	0
368	10055	10340	1
421	10055	10340	0
369	10055	10342	1
422	10055	10342	0
370	10055	10343	1
423	10055	10343	0
371	10055	10344	1
424	10055	10344	0
372	10055	10345	1
425	10055	10345	0
373	10055	10398	1
426	10055	10398	0
427	10056	10022	1
428	10056	10022	0
429	10056	10025	1
430	10056	10025	0
431	10056	10053	0
432	10056	10054	0
433	10056	10055	1
434	10056	10055	0
435	10056	10057	0
436	10056	10058	1
437	10056	10058	0
438	10056	10059	0
439	10056	10060	0
440	10056	10061	0
441	10056	10196	0
442	10056	10197	0
443	10056	10198	0
444	10056	10199	0
445	10056	10200	1
446	10056	10200	0
447	10056	10201	0
448	10056	10202	1
449	10056	10202	0
450	10056	10203	1
451	10056	10203	0
452	10056	10204	0
453	10056	10205	1
454	10056	10205	0
455	10056	10211	1
456	10056	10211	0
457	10056	10213	1
458	10056	10213	0
459	10056	10294	1
460	10056	10294	0
461	10056	10312	0
462	10056	10313	0
463	10056	10314	0
464	10056	10315	0
465	10056	10316	0
466	10056	10317	0
467	10056	10330	0
468	10056	10331	0
469	10056	10332	0
470	10056	10336	0
471	10056	10337	0
472	10056	10338	0
473	10056	10339	1
474	10056	10339	0
475	10056	10340	0
476	10056	10342	0
477	10056	10343	0
478	10056	10344	0
479	10056	10345	0
480	10056	10398	0
481	10057	10022	1
482	10057	10022	0
483	10057	10025	1
484	10057	10025	0
485	10057	10053	0
486	10057	10054	0
487	10057	10055	1
488	10057	10055	0
489	10057	10056	0
490	10057	10058	1
491	10057	10058	0
492	10057	10059	0
493	10057	10060	0
494	10057	10061	0
495	10057	10196	0
496	10057	10197	0
497	10057	10198	0
498	10057	10199	0
499	10057	10200	1
500	10057	10200	0
501	10057	10201	0
502	10057	10202	1
503	10057	10202	0
504	10057	10203	1
505	10057	10203	0
506	10057	10204	0
507	10057	10205	1
508	10057	10205	0
509	10057	10211	1
510	10057	10211	0
511	10057	10213	1
512	10057	10213	0
513	10057	10294	1
514	10057	10294	0
515	10057	10312	0
516	10057	10313	0
517	10057	10314	0
518	10057	10315	0
519	10057	10316	0
520	10057	10317	0
521	10057	10330	0
522	10057	10331	0
523	10057	10332	0
524	10057	10336	0
525	10057	10337	0
526	10057	10338	0
527	10057	10339	1
528	10057	10339	0
529	10057	10340	0
530	10057	10342	0
531	10057	10343	0
532	10057	10344	0
533	10057	10345	0
534	10057	10398	0
535	10058	10022	1
536	10058	10022	1
588	10058	10022	1
589	10058	10022	0
537	10058	10025	1
538	10058	10025	1
590	10058	10025	1
591	10058	10025	0
539	10058	10053	1
592	10058	10053	0
540	10058	10054	1
593	10058	10054	0
541	10058	10055	1
542	10058	10055	1
594	10058	10055	1
595	10058	10055	0
543	10058	10056	1
596	10058	10056	0
544	10058	10057	1
597	10058	10057	0
545	10058	10059	1
598	10058	10059	0
546	10058	10060	1
599	10058	10060	0
547	10058	10061	1
600	10058	10061	0
548	10058	10196	1
601	10058	10196	0
549	10058	10197	1
602	10058	10197	0
550	10058	10198	1
603	10058	10198	0
551	10058	10199	1
604	10058	10199	0
552	10058	10200	1
553	10058	10200	1
605	10058	10200	1
606	10058	10200	0
554	10058	10201	1
607	10058	10201	0
555	10058	10202	1
556	10058	10202	1
608	10058	10202	1
609	10058	10202	0
557	10058	10203	1
558	10058	10203	1
610	10058	10203	1
611	10058	10203	0
559	10058	10204	1
612	10058	10204	0
560	10058	10205	1
561	10058	10205	1
613	10058	10205	1
614	10058	10205	0
562	10058	10211	1
563	10058	10211	1
615	10058	10211	1
616	10058	10211	0
564	10058	10213	1
565	10058	10213	1
617	10058	10213	1
618	10058	10213	0
566	10058	10294	1
567	10058	10294	1
619	10058	10294	1
620	10058	10294	0
568	10058	10312	1
621	10058	10312	0
569	10058	10313	1
622	10058	10313	0
570	10058	10314	1
623	10058	10314	0
571	10058	10315	1
624	10058	10315	0
572	10058	10316	1
625	10058	10316	0
573	10058	10317	1
626	10058	10317	0
574	10058	10330	1
627	10058	10330	0
575	10058	10331	1
628	10058	10331	0
576	10058	10332	1
629	10058	10332	0
577	10058	10336	1
630	10058	10336	0
578	10058	10337	1
631	10058	10337	0
579	10058	10338	1
632	10058	10338	0
580	10058	10339	1
581	10058	10339	1
633	10058	10339	1
634	10058	10339	0
582	10058	10340	1
635	10058	10340	0
583	10058	10342	1
636	10058	10342	0
584	10058	10343	1
637	10058	10343	0
585	10058	10344	1
638	10058	10344	0
586	10058	10345	1
639	10058	10345	0
587	10058	10398	1
640	10058	10398	0
641	10059	10022	1
642	10059	10022	0
643	10059	10025	1
644	10059	10025	0
645	10059	10053	0
646	10059	10054	0
647	10059	10055	1
648	10059	10055	0
649	10059	10056	0
650	10059	10057	0
651	10059	10058	1
652	10059	10058	0
653	10059	10060	0
654	10059	10061	0
655	10059	10196	0
656	10059	10197	0
657	10059	10198	0
658	10059	10199	0
659	10059	10200	1
660	10059	10200	0
661	10059	10201	0
662	10059	10202	1
663	10059	10202	0
664	10059	10203	1
665	10059	10203	0
666	10059	10204	0
667	10059	10205	1
668	10059	10205	0
669	10059	10211	1
670	10059	10211	0
671	10059	10213	1
672	10059	10213	0
673	10059	10294	1
674	10059	10294	0
675	10059	10312	0
676	10059	10313	0
677	10059	10314	0
678	10059	10315	0
679	10059	10316	0
680	10059	10317	0
681	10059	10330	0
682	10059	10331	0
683	10059	10332	0
684	10059	10336	0
685	10059	10337	0
686	10059	10338	0
687	10059	10339	1
688	10059	10339	0
689	10059	10340	0
690	10059	10342	0
691	10059	10343	0
692	10059	10344	0
693	10059	10345	0
694	10059	10398	0
695	10060	10022	1
696	10060	10022	0
697	10060	10025	1
698	10060	10025	0
699	10060	10053	0
700	10060	10054	0
701	10060	10055	1
702	10060	10055	0
703	10060	10056	0
704	10060	10057	0
705	10060	10058	1
706	10060	10058	0
707	10060	10059	0
708	10060	10061	0
709	10060	10196	0
710	10060	10197	0
711	10060	10198	0
712	10060	10199	0
713	10060	10200	1
714	10060	10200	0
715	10060	10201	0
716	10060	10202	1
717	10060	10202	0
718	10060	10203	1
719	10060	10203	0
720	10060	10204	0
721	10060	10205	1
722	10060	10205	0
723	10060	10211	1
724	10060	10211	0
725	10060	10213	1
726	10060	10213	0
727	10060	10294	1
728	10060	10294	0
729	10060	10312	0
730	10060	10313	0
731	10060	10314	0
732	10060	10315	0
733	10060	10316	0
734	10060	10317	0
735	10060	10330	0
736	10060	10331	0
737	10060	10332	0
738	10060	10336	0
739	10060	10337	0
740	10060	10338	0
741	10060	10339	1
742	10060	10339	0
743	10060	10340	0
744	10060	10342	0
745	10060	10343	0
746	10060	10344	0
747	10060	10345	0
748	10060	10398	0
749	10061	10022	1
750	10061	10022	0
751	10061	10025	1
752	10061	10025	0
753	10061	10053	0
754	10061	10054	0
755	10061	10055	1
756	10061	10055	0
757	10061	10056	0
758	10061	10057	0
759	10061	10058	1
760	10061	10058	0
761	10061	10059	0
762	10061	10060	0
763	10061	10196	0
764	10061	10197	0
765	10061	10198	0
766	10061	10199	0
767	10061	10200	1
768	10061	10200	0
769	10061	10201	0
770	10061	10202	1
771	10061	10202	0
772	10061	10203	1
773	10061	10203	0
774	10061	10204	0
775	10061	10205	1
776	10061	10205	0
777	10061	10211	1
778	10061	10211	0
779	10061	10213	1
780	10061	10213	0
781	10061	10294	1
782	10061	10294	0
783	10061	10312	0
784	10061	10313	0
785	10061	10314	0
786	10061	10315	0
787	10061	10316	0
788	10061	10317	0
789	10061	10330	0
790	10061	10331	0
791	10061	10332	0
792	10061	10336	0
793	10061	10337	0
794	10061	10338	0
795	10061	10339	1
796	10061	10339	0
797	10061	10340	0
798	10061	10342	0
799	10061	10343	0
800	10061	10344	0
801	10061	10345	0
802	10061	10398	0
803	10196	10022	1
804	10196	10022	0
805	10196	10025	1
806	10196	10025	0
807	10196	10053	0
808	10196	10054	0
809	10196	10055	1
810	10196	10055	0
811	10196	10056	0
812	10196	10057	0
813	10196	10058	1
814	10196	10058	0
815	10196	10059	0
816	10196	10060	0
817	10196	10061	0
818	10196	10197	0
819	10196	10198	0
820	10196	10199	0
821	10196	10200	1
822	10196	10200	0
823	10196	10201	0
824	10196	10202	1
825	10196	10202	0
826	10196	10203	1
827	10196	10203	0
828	10196	10204	0
829	10196	10205	1
830	10196	10205	0
831	10196	10211	1
832	10196	10211	0
833	10196	10213	1
834	10196	10213	0
835	10196	10294	1
836	10196	10294	0
837	10196	10312	0
838	10196	10313	0
839	10196	10314	0
840	10196	10315	0
841	10196	10316	0
842	10196	10317	0
843	10196	10330	0
844	10196	10331	0
845	10196	10332	0
846	10196	10336	0
847	10196	10337	0
848	10196	10338	0
849	10196	10339	1
850	10196	10339	0
851	10196	10340	0
852	10196	10342	0
853	10196	10343	0
854	10196	10344	0
855	10196	10345	0
856	10196	10398	0
857	10197	10022	1
858	10197	10022	0
859	10197	10025	1
860	10197	10025	0
861	10197	10053	0
862	10197	10054	0
863	10197	10055	1
864	10197	10055	0
865	10197	10056	0
866	10197	10057	0
867	10197	10058	1
868	10197	10058	0
869	10197	10059	0
870	10197	10060	0
871	10197	10061	0
872	10197	10196	0
873	10197	10198	0
874	10197	10199	0
875	10197	10200	1
876	10197	10200	0
877	10197	10201	0
878	10197	10202	1
879	10197	10202	0
880	10197	10203	1
881	10197	10203	0
882	10197	10204	0
883	10197	10205	1
884	10197	10205	0
885	10197	10211	1
886	10197	10211	0
887	10197	10213	1
888	10197	10213	0
889	10197	10294	1
890	10197	10294	0
891	10197	10312	0
892	10197	10313	0
893	10197	10314	0
894	10197	10315	0
895	10197	10316	0
896	10197	10317	0
897	10197	10330	0
898	10197	10331	0
899	10197	10332	0
900	10197	10336	0
901	10197	10337	0
902	10197	10338	0
903	10197	10339	1
904	10197	10339	0
905	10197	10340	0
906	10197	10342	0
907	10197	10343	0
908	10197	10344	0
909	10197	10345	0
910	10197	10398	0
911	10198	10022	1
912	10198	10022	0
913	10198	10025	1
914	10198	10025	0
915	10198	10053	0
916	10198	10054	0
917	10198	10055	1
918	10198	10055	0
919	10198	10056	0
920	10198	10057	0
921	10198	10058	1
922	10198	10058	0
923	10198	10059	0
924	10198	10060	0
925	10198	10061	0
926	10198	10196	0
927	10198	10197	0
928	10198	10199	0
929	10198	10200	1
930	10198	10200	0
931	10198	10201	0
932	10198	10202	1
933	10198	10202	0
934	10198	10203	1
935	10198	10203	0
936	10198	10204	0
937	10198	10205	1
938	10198	10205	0
939	10198	10211	1
940	10198	10211	0
941	10198	10213	1
942	10198	10213	0
943	10198	10294	1
944	10198	10294	0
945	10198	10312	0
946	10198	10313	0
947	10198	10314	0
948	10198	10315	0
949	10198	10316	0
950	10198	10317	0
951	10198	10330	0
952	10198	10331	0
953	10198	10332	0
954	10198	10336	0
955	10198	10337	0
956	10198	10338	0
957	10198	10339	1
958	10198	10339	0
959	10198	10340	0
960	10198	10342	0
961	10198	10343	0
962	10198	10344	0
963	10198	10345	0
964	10198	10398	0
965	10199	10022	1
966	10199	10022	0
967	10199	10025	1
968	10199	10025	0
969	10199	10053	0
970	10199	10054	0
971	10199	10055	1
972	10199	10055	0
973	10199	10056	0
974	10199	10057	0
975	10199	10058	1
976	10199	10058	0
977	10199	10059	0
978	10199	10060	0
979	10199	10061	0
980	10199	10196	0
981	10199	10197	0
982	10199	10198	0
983	10199	10200	1
984	10199	10200	0
985	10199	10201	0
986	10199	10202	1
987	10199	10202	0
988	10199	10203	1
989	10199	10203	0
990	10199	10204	0
991	10199	10205	1
992	10199	10205	0
993	10199	10211	1
994	10199	10211	0
995	10199	10213	1
996	10199	10213	0
997	10199	10294	1
998	10199	10294	0
999	10199	10312	0
1000	10199	10313	0
1001	10199	10314	0
1002	10199	10315	0
1003	10199	10316	0
1004	10199	10317	0
1005	10199	10330	0
1006	10199	10331	0
1007	10199	10332	0
1008	10199	10336	0
1009	10199	10337	0
1010	10199	10338	0
1011	10199	10339	1
1012	10199	10339	0
1013	10199	10340	0
1014	10199	10342	0
1015	10199	10343	0
1016	10199	10344	0
1017	10199	10345	0
1018	10199	10398	0
1019	10200	10022	1
1020	10200	10022	1
1072	10200	10022	1
1073	10200	10022	0
1021	10200	10025	1
1022	10200	10025	1
1074	10200	10025	1
1075	10200	10025	0
1023	10200	10053	1
1076	10200	10053	0
1024	10200	10054	1
1077	10200	10054	0
1025	10200	10055	1
1026	10200	10055	1
1078	10200	10055	1
1079	10200	10055	0
1027	10200	10056	1
1080	10200	10056	0
1028	10200	10057	1
1081	10200	10057	0
1029	10200	10058	1
1030	10200	10058	1
1082	10200	10058	1
1083	10200	10058	0
1031	10200	10059	1
1084	10200	10059	0
1032	10200	10060	1
1085	10200	10060	0
1033	10200	10061	1
1086	10200	10061	0
1034	10200	10196	1
1087	10200	10196	0
1035	10200	10197	1
1088	10200	10197	0
1036	10200	10198	1
1089	10200	10198	0
1037	10200	10199	1
1090	10200	10199	0
1038	10200	10201	1
1091	10200	10201	0
1039	10200	10202	1
1040	10200	10202	1
1092	10200	10202	1
1093	10200	10202	0
1041	10200	10203	1
1042	10200	10203	1
1094	10200	10203	1
1095	10200	10203	0
1043	10200	10204	1
1096	10200	10204	0
1044	10200	10205	1
1045	10200	10205	1
1097	10200	10205	1
1098	10200	10205	0
1046	10200	10211	1
1047	10200	10211	1
1099	10200	10211	1
1100	10200	10211	0
1048	10200	10213	1
1049	10200	10213	1
1101	10200	10213	1
1102	10200	10213	0
1050	10200	10294	1
1051	10200	10294	1
1103	10200	10294	1
1104	10200	10294	0
1052	10200	10312	1
1105	10200	10312	0
1053	10200	10313	1
1106	10200	10313	0
1054	10200	10314	1
1107	10200	10314	0
1055	10200	10315	1
1108	10200	10315	0
1056	10200	10316	1
1109	10200	10316	0
1057	10200	10317	1
1110	10200	10317	0
1058	10200	10330	1
1111	10200	10330	0
1059	10200	10331	1
1112	10200	10331	0
1060	10200	10332	1
1113	10200	10332	0
1061	10200	10336	1
1114	10200	10336	0
1062	10200	10337	1
1115	10200	10337	0
1063	10200	10338	1
1116	10200	10338	0
1064	10200	10339	1
1065	10200	10339	1
1117	10200	10339	1
1118	10200	10339	0
1066	10200	10340	1
1119	10200	10340	0
1067	10200	10342	1
1120	10200	10342	0
1068	10200	10343	1
1121	10200	10343	0
1069	10200	10344	1
1122	10200	10344	0
1070	10200	10345	1
1123	10200	10345	0
1071	10200	10398	1
1124	10200	10398	0
1125	10201	10022	1
1126	10201	10022	0
1127	10201	10025	1
1128	10201	10025	0
1129	10201	10053	0
1130	10201	10054	0
1131	10201	10055	1
1132	10201	10055	0
1133	10201	10056	0
1134	10201	10057	0
1135	10201	10058	1
1136	10201	10058	0
1137	10201	10059	0
1138	10201	10060	0
1139	10201	10061	0
1140	10201	10196	0
1141	10201	10197	0
1142	10201	10198	0
1143	10201	10199	0
1144	10201	10200	1
1145	10201	10200	0
1146	10201	10202	1
1147	10201	10202	0
1148	10201	10203	1
1149	10201	10203	0
1150	10201	10204	0
1151	10201	10205	1
1152	10201	10205	0
1153	10201	10211	1
1154	10201	10211	0
1155	10201	10213	1
1156	10201	10213	0
1157	10201	10294	1
1158	10201	10294	0
1159	10201	10312	0
1160	10201	10313	0
1161	10201	10314	0
1162	10201	10315	0
1163	10201	10316	0
1164	10201	10317	0
1165	10201	10330	0
1166	10201	10331	0
1167	10201	10332	0
1168	10201	10336	0
1169	10201	10337	0
1170	10201	10338	0
1171	10201	10339	1
1172	10201	10339	0
1173	10201	10340	0
1174	10201	10342	0
1175	10201	10343	0
1176	10201	10344	0
1177	10201	10345	0
1178	10201	10398	0
1179	10202	10022	1
1180	10202	10022	1
1232	10202	10022	1
1233	10202	10022	0
1181	10202	10025	1
1182	10202	10025	1
1234	10202	10025	1
1235	10202	10025	0
1183	10202	10053	1
1236	10202	10053	0
1184	10202	10054	1
1237	10202	10054	0
1185	10202	10055	1
1186	10202	10055	1
1238	10202	10055	1
1239	10202	10055	0
1187	10202	10056	1
1240	10202	10056	0
1188	10202	10057	1
1241	10202	10057	0
1189	10202	10058	1
1190	10202	10058	1
1242	10202	10058	1
1243	10202	10058	0
1191	10202	10059	1
1244	10202	10059	0
1192	10202	10060	1
1245	10202	10060	0
1193	10202	10061	1
1246	10202	10061	0
1194	10202	10196	1
1247	10202	10196	0
1195	10202	10197	1
1248	10202	10197	0
1196	10202	10198	1
1249	10202	10198	0
1197	10202	10199	1
1250	10202	10199	0
1198	10202	10200	1
1199	10202	10200	1
1251	10202	10200	1
1252	10202	10200	0
1200	10202	10201	1
1253	10202	10201	0
1201	10202	10203	1
1202	10202	10203	1
1254	10202	10203	1
1255	10202	10203	0
1203	10202	10204	1
1256	10202	10204	0
1204	10202	10205	1
1205	10202	10205	1
1257	10202	10205	1
1258	10202	10205	0
1206	10202	10211	1
1207	10202	10211	1
1259	10202	10211	1
1260	10202	10211	0
1208	10202	10213	1
1209	10202	10213	1
1261	10202	10213	1
1262	10202	10213	0
1210	10202	10294	1
1211	10202	10294	1
1263	10202	10294	1
1264	10202	10294	0
1212	10202	10312	1
1265	10202	10312	0
1213	10202	10313	1
1266	10202	10313	0
1214	10202	10314	1
1267	10202	10314	0
1215	10202	10315	1
1268	10202	10315	0
1216	10202	10316	1
1269	10202	10316	0
1217	10202	10317	1
1270	10202	10317	0
1218	10202	10330	1
1271	10202	10330	0
1219	10202	10331	1
1272	10202	10331	0
1220	10202	10332	1
1273	10202	10332	0
1221	10202	10336	1
1274	10202	10336	0
1222	10202	10337	1
1275	10202	10337	0
1223	10202	10338	1
1276	10202	10338	0
1224	10202	10339	1
1225	10202	10339	1
1277	10202	10339	1
1278	10202	10339	0
1226	10202	10340	1
1279	10202	10340	0
1227	10202	10342	1
1280	10202	10342	0
1228	10202	10343	1
1281	10202	10343	0
1229	10202	10344	1
1282	10202	10344	0
1230	10202	10345	1
1283	10202	10345	0
1231	10202	10398	1
1284	10202	10398	0
1285	10203	10022	1
1286	10203	10022	1
1338	10203	10022	1
1339	10203	10022	0
1287	10203	10025	1
1288	10203	10025	1
1340	10203	10025	1
1341	10203	10025	0
1289	10203	10053	1
1342	10203	10053	0
1290	10203	10054	1
1343	10203	10054	0
1291	10203	10055	1
1292	10203	10055	1
1344	10203	10055	1
1345	10203	10055	0
1293	10203	10056	1
1346	10203	10056	0
1294	10203	10057	1
1347	10203	10057	0
1295	10203	10058	1
1296	10203	10058	1
1348	10203	10058	1
1349	10203	10058	0
1297	10203	10059	1
1350	10203	10059	0
1298	10203	10060	1
1351	10203	10060	0
1299	10203	10061	1
1352	10203	10061	0
1300	10203	10196	1
1353	10203	10196	0
1301	10203	10197	1
1354	10203	10197	0
1302	10203	10198	1
1355	10203	10198	0
1303	10203	10199	1
1356	10203	10199	0
1304	10203	10200	1
1305	10203	10200	1
1357	10203	10200	1
1358	10203	10200	0
1306	10203	10201	1
1359	10203	10201	0
1307	10203	10202	1
1308	10203	10202	1
1360	10203	10202	1
1361	10203	10202	0
1309	10203	10204	1
1362	10203	10204	0
1310	10203	10205	1
1311	10203	10205	1
1363	10203	10205	1
1364	10203	10205	0
1312	10203	10211	1
1313	10203	10211	1
1365	10203	10211	1
1366	10203	10211	0
1314	10203	10213	1
1315	10203	10213	1
1367	10203	10213	1
1368	10203	10213	0
1316	10203	10294	1
1317	10203	10294	1
1369	10203	10294	1
1370	10203	10294	0
1318	10203	10312	1
1371	10203	10312	0
1319	10203	10313	1
1372	10203	10313	0
1320	10203	10314	1
1373	10203	10314	0
1321	10203	10315	1
1374	10203	10315	0
1322	10203	10316	1
1375	10203	10316	0
1323	10203	10317	1
1376	10203	10317	0
1324	10203	10330	1
1377	10203	10330	0
1325	10203	10331	1
1378	10203	10331	0
1326	10203	10332	1
1379	10203	10332	0
1327	10203	10336	1
1380	10203	10336	0
1328	10203	10337	1
1381	10203	10337	0
1329	10203	10338	1
1382	10203	10338	0
1330	10203	10339	1
1331	10203	10339	1
1383	10203	10339	1
1384	10203	10339	0
1332	10203	10340	1
1385	10203	10340	0
1333	10203	10342	1
1386	10203	10342	0
1334	10203	10343	1
1387	10203	10343	0
1335	10203	10344	1
1388	10203	10344	0
1336	10203	10345	1
1389	10203	10345	0
1337	10203	10398	1
1390	10203	10398	0
1391	10204	10022	1
1392	10204	10022	0
1393	10204	10025	1
1394	10204	10025	0
1395	10204	10053	0
1396	10204	10054	0
1397	10204	10055	1
1398	10204	10055	0
1399	10204	10056	0
1400	10204	10057	0
1401	10204	10058	1
1402	10204	10058	0
1403	10204	10059	0
1404	10204	10060	0
1405	10204	10061	0
1406	10204	10196	0
1407	10204	10197	0
1408	10204	10198	0
1409	10204	10199	0
1410	10204	10200	1
1411	10204	10200	0
1412	10204	10201	0
1413	10204	10202	1
1414	10204	10202	0
1415	10204	10203	1
1416	10204	10203	0
1417	10204	10205	1
1418	10204	10205	0
1419	10204	10211	1
1420	10204	10211	0
1421	10204	10213	1
1422	10204	10213	0
1423	10204	10294	1
1424	10204	10294	0
1425	10204	10312	0
1426	10204	10313	0
1427	10204	10314	0
1428	10204	10315	0
1429	10204	10316	0
1430	10204	10317	0
1431	10204	10330	0
1432	10204	10331	0
1433	10204	10332	0
1434	10204	10336	0
1435	10204	10337	0
1436	10204	10338	0
1437	10204	10339	1
1438	10204	10339	0
1439	10204	10340	0
1440	10204	10342	0
1441	10204	10343	0
1442	10204	10344	0
1443	10204	10345	0
1444	10204	10398	0
1445	10205	10022	1
1446	10205	10022	1
1498	10205	10022	1
1499	10205	10022	0
1447	10205	10025	1
1448	10205	10025	1
1500	10205	10025	1
1501	10205	10025	0
1449	10205	10053	1
1502	10205	10053	0
1450	10205	10054	1
1503	10205	10054	0
1451	10205	10055	1
1452	10205	10055	1
1504	10205	10055	1
1505	10205	10055	0
1453	10205	10056	1
1506	10205	10056	0
1454	10205	10057	1
1507	10205	10057	0
1455	10205	10058	1
1456	10205	10058	1
1508	10205	10058	1
1509	10205	10058	0
1457	10205	10059	1
1510	10205	10059	0
1458	10205	10060	1
1511	10205	10060	0
1459	10205	10061	1
1512	10205	10061	0
1460	10205	10196	1
1513	10205	10196	0
1461	10205	10197	1
1514	10205	10197	0
1462	10205	10198	1
1515	10205	10198	0
1463	10205	10199	1
1516	10205	10199	0
1464	10205	10200	1
1465	10205	10200	1
1517	10205	10200	1
1518	10205	10200	0
1466	10205	10201	1
1519	10205	10201	0
1467	10205	10202	1
1468	10205	10202	1
1520	10205	10202	1
1521	10205	10202	0
1469	10205	10203	1
1470	10205	10203	1
1522	10205	10203	1
1523	10205	10203	0
1471	10205	10204	1
1524	10205	10204	0
1472	10205	10211	1
1473	10205	10211	1
1525	10205	10211	1
1526	10205	10211	0
1474	10205	10213	1
1475	10205	10213	1
1527	10205	10213	1
1528	10205	10213	0
1476	10205	10294	1
1477	10205	10294	1
1529	10205	10294	1
1530	10205	10294	0
1478	10205	10312	1
1531	10205	10312	0
1479	10205	10313	1
1532	10205	10313	0
1480	10205	10314	1
1533	10205	10314	0
1481	10205	10315	1
1534	10205	10315	0
1482	10205	10316	1
1535	10205	10316	0
1483	10205	10317	1
1536	10205	10317	0
1484	10205	10330	1
1537	10205	10330	0
1485	10205	10331	1
1538	10205	10331	0
1486	10205	10332	1
1539	10205	10332	0
1487	10205	10336	1
1540	10205	10336	0
1488	10205	10337	1
1541	10205	10337	0
1489	10205	10338	1
1542	10205	10338	0
1490	10205	10339	1
1491	10205	10339	1
1543	10205	10339	1
1544	10205	10339	0
1492	10205	10340	1
1545	10205	10340	0
1493	10205	10342	1
1546	10205	10342	0
1494	10205	10343	1
1547	10205	10343	0
1495	10205	10344	1
1548	10205	10344	0
1496	10205	10345	1
1549	10205	10345	0
1497	10205	10398	1
1550	10205	10398	0
1551	10211	10022	1
1552	10211	10022	1
1604	10211	10022	1
1605	10211	10022	0
1553	10211	10025	1
1554	10211	10025	1
1606	10211	10025	1
1607	10211	10025	0
1555	10211	10053	1
1608	10211	10053	0
1556	10211	10054	1
1609	10211	10054	0
1557	10211	10055	1
1558	10211	10055	1
1610	10211	10055	1
1611	10211	10055	0
1559	10211	10056	1
1612	10211	10056	0
1560	10211	10057	1
1613	10211	10057	0
1561	10211	10058	1
1562	10211	10058	1
1614	10211	10058	1
1615	10211	10058	0
1563	10211	10059	1
1616	10211	10059	0
1564	10211	10060	1
1617	10211	10060	0
1565	10211	10061	1
1618	10211	10061	0
1566	10211	10196	1
1619	10211	10196	0
1567	10211	10197	1
1620	10211	10197	0
1568	10211	10198	1
1621	10211	10198	0
1569	10211	10199	1
1622	10211	10199	0
1570	10211	10200	1
1571	10211	10200	1
1623	10211	10200	1
1624	10211	10200	0
1572	10211	10201	1
1625	10211	10201	0
1573	10211	10202	1
1574	10211	10202	1
1626	10211	10202	1
1627	10211	10202	0
1575	10211	10203	1
1576	10211	10203	1
1628	10211	10203	1
1629	10211	10203	0
1577	10211	10204	1
1630	10211	10204	0
1578	10211	10205	1
1579	10211	10205	1
1631	10211	10205	1
1632	10211	10205	0
1580	10211	10213	1
1581	10211	10213	1
1633	10211	10213	1
1634	10211	10213	0
1582	10211	10294	1
1583	10211	10294	1
1635	10211	10294	1
1636	10211	10294	0
1584	10211	10312	1
1637	10211	10312	0
1585	10211	10313	1
1638	10211	10313	0
1586	10211	10314	1
1639	10211	10314	0
1587	10211	10315	1
1640	10211	10315	0
1588	10211	10316	1
1641	10211	10316	0
1589	10211	10317	1
1642	10211	10317	0
1590	10211	10330	1
1643	10211	10330	0
1591	10211	10331	1
1644	10211	10331	0
1592	10211	10332	1
1645	10211	10332	0
1593	10211	10336	1
1646	10211	10336	0
1594	10211	10337	1
1647	10211	10337	0
1595	10211	10338	1
1648	10211	10338	0
1596	10211	10339	1
1597	10211	10339	1
1649	10211	10339	1
1650	10211	10339	0
1598	10211	10340	1
1651	10211	10340	0
1599	10211	10342	1
1652	10211	10342	0
1600	10211	10343	1
1653	10211	10343	0
1601	10211	10344	1
1654	10211	10344	0
1602	10211	10345	1
1655	10211	10345	0
1603	10211	10398	1
1656	10211	10398	0
1657	10213	10022	1
1658	10213	10022	1
1710	10213	10022	1
1711	10213	10022	0
1659	10213	10025	1
1660	10213	10025	1
1712	10213	10025	1
1713	10213	10025	0
1661	10213	10053	1
1714	10213	10053	0
1662	10213	10054	1
1715	10213	10054	0
1663	10213	10055	1
1664	10213	10055	1
1716	10213	10055	1
1717	10213	10055	0
1665	10213	10056	1
1718	10213	10056	0
1666	10213	10057	1
1719	10213	10057	0
1667	10213	10058	1
1668	10213	10058	1
1720	10213	10058	1
1721	10213	10058	0
1669	10213	10059	1
1722	10213	10059	0
1670	10213	10060	1
1723	10213	10060	0
1671	10213	10061	1
1724	10213	10061	0
1672	10213	10196	1
1725	10213	10196	0
1673	10213	10197	1
1726	10213	10197	0
1674	10213	10198	1
1727	10213	10198	0
1675	10213	10199	1
1728	10213	10199	0
1676	10213	10200	1
1677	10213	10200	1
1729	10213	10200	1
1730	10213	10200	0
1678	10213	10201	1
1731	10213	10201	0
1679	10213	10202	1
1680	10213	10202	1
1732	10213	10202	1
1733	10213	10202	0
1681	10213	10203	1
1682	10213	10203	1
1734	10213	10203	1
1735	10213	10203	0
1683	10213	10204	1
1736	10213	10204	0
1684	10213	10205	1
1685	10213	10205	1
1737	10213	10205	1
1738	10213	10205	0
1686	10213	10211	1
1687	10213	10211	1
1739	10213	10211	1
1740	10213	10211	0
1688	10213	10294	1
1689	10213	10294	1
1741	10213	10294	1
1742	10213	10294	0
1690	10213	10312	1
1743	10213	10312	0
1691	10213	10313	1
1744	10213	10313	0
1692	10213	10314	1
1745	10213	10314	0
1693	10213	10315	1
1746	10213	10315	0
1694	10213	10316	1
1747	10213	10316	0
1695	10213	10317	1
1748	10213	10317	0
1696	10213	10330	1
1749	10213	10330	0
1697	10213	10331	1
1750	10213	10331	0
1698	10213	10332	1
1751	10213	10332	0
1699	10213	10336	1
1752	10213	10336	0
1700	10213	10337	1
1753	10213	10337	0
1701	10213	10338	1
1754	10213	10338	0
1702	10213	10339	1
1703	10213	10339	1
1755	10213	10339	1
1756	10213	10339	0
1704	10213	10340	1
1757	10213	10340	0
1705	10213	10342	1
1758	10213	10342	0
1706	10213	10343	1
1759	10213	10343	0
1707	10213	10344	1
1760	10213	10344	0
1708	10213	10345	1
1761	10213	10345	0
1709	10213	10398	1
1762	10213	10398	0
1763	10294	10022	1
1764	10294	10022	1
1816	10294	10022	1
1817	10294	10022	0
1765	10294	10025	1
1766	10294	10025	1
1818	10294	10025	1
1819	10294	10025	0
1767	10294	10053	1
1820	10294	10053	0
1768	10294	10054	1
1821	10294	10054	0
1769	10294	10055	1
1770	10294	10055	1
1822	10294	10055	1
1823	10294	10055	0
1771	10294	10056	1
1824	10294	10056	0
1772	10294	10057	1
1825	10294	10057	0
1773	10294	10058	1
1774	10294	10058	1
1826	10294	10058	1
1827	10294	10058	0
1775	10294	10059	1
1828	10294	10059	0
1776	10294	10060	1
1829	10294	10060	0
1777	10294	10061	1
1830	10294	10061	0
1778	10294	10196	1
1831	10294	10196	0
1779	10294	10197	1
1832	10294	10197	0
1780	10294	10198	1
1833	10294	10198	0
1781	10294	10199	1
1834	10294	10199	0
1782	10294	10200	1
1783	10294	10200	1
1835	10294	10200	1
1836	10294	10200	0
1784	10294	10201	1
1837	10294	10201	0
1785	10294	10202	1
1786	10294	10202	1
1838	10294	10202	1
1839	10294	10202	0
1787	10294	10203	1
1788	10294	10203	1
1840	10294	10203	1
1841	10294	10203	0
1789	10294	10204	1
1842	10294	10204	0
1790	10294	10205	1
1791	10294	10205	1
1843	10294	10205	1
1844	10294	10205	0
1792	10294	10211	1
1793	10294	10211	1
1845	10294	10211	1
1846	10294	10211	0
1794	10294	10213	1
1795	10294	10213	1
1847	10294	10213	1
1848	10294	10213	0
1796	10294	10312	1
1849	10294	10312	0
1797	10294	10313	1
1850	10294	10313	0
1798	10294	10314	1
1851	10294	10314	0
1799	10294	10315	1
1852	10294	10315	0
1800	10294	10316	1
1853	10294	10316	0
1801	10294	10317	1
1854	10294	10317	0
1802	10294	10330	1
1855	10294	10330	0
1803	10294	10331	1
1856	10294	10331	0
1804	10294	10332	1
1857	10294	10332	0
1805	10294	10336	1
1858	10294	10336	0
1806	10294	10337	1
1859	10294	10337	0
1807	10294	10338	1
1860	10294	10338	0
1808	10294	10339	1
1809	10294	10339	1
1861	10294	10339	1
1862	10294	10339	0
1810	10294	10340	1
1863	10294	10340	0
1811	10294	10342	1
1864	10294	10342	0
1812	10294	10343	1
1865	10294	10343	0
1813	10294	10344	1
1866	10294	10344	0
1814	10294	10345	1
1867	10294	10345	0
1815	10294	10398	1
1868	10294	10398	0
1869	10312	10022	1
1870	10312	10022	0
1871	10312	10025	1
1872	10312	10025	0
1873	10312	10053	0
1874	10312	10054	0
1875	10312	10055	1
1876	10312	10055	0
1877	10312	10056	0
1878	10312	10057	0
1879	10312	10058	1
1880	10312	10058	0
1881	10312	10059	0
1882	10312	10060	0
1883	10312	10061	0
1884	10312	10196	0
1885	10312	10197	0
1886	10312	10198	0
1887	10312	10199	0
1888	10312	10200	1
1889	10312	10200	0
1890	10312	10201	0
1891	10312	10202	1
1892	10312	10202	0
1893	10312	10203	1
1894	10312	10203	0
1895	10312	10204	0
1896	10312	10205	1
1897	10312	10205	0
1898	10312	10211	1
1899	10312	10211	0
1900	10312	10213	1
1901	10312	10213	0
1902	10312	10294	1
1903	10312	10294	0
1904	10312	10313	0
1905	10312	10314	0
1906	10312	10315	0
1907	10312	10316	0
1908	10312	10317	0
1909	10312	10330	0
1910	10312	10331	0
1911	10312	10332	0
1912	10312	10336	0
1913	10312	10337	0
1914	10312	10338	0
1915	10312	10339	1
1916	10312	10339	0
1917	10312	10340	0
1918	10312	10342	0
1919	10312	10343	0
1920	10312	10344	0
1921	10312	10345	0
1922	10312	10398	0
1923	10313	10022	1
1924	10313	10022	0
1925	10313	10025	1
1926	10313	10025	0
1927	10313	10053	0
1928	10313	10054	0
1929	10313	10055	1
1930	10313	10055	0
1931	10313	10056	0
1932	10313	10057	0
1933	10313	10058	1
1934	10313	10058	0
1935	10313	10059	0
1936	10313	10060	0
1937	10313	10061	0
1938	10313	10196	0
1939	10313	10197	0
1940	10313	10198	0
1941	10313	10199	0
1942	10313	10200	1
1943	10313	10200	0
1944	10313	10201	0
1945	10313	10202	1
1946	10313	10202	0
1947	10313	10203	1
1948	10313	10203	0
1949	10313	10204	0
1950	10313	10205	1
1951	10313	10205	0
1952	10313	10211	1
1953	10313	10211	0
1954	10313	10213	1
1955	10313	10213	0
1956	10313	10294	1
1957	10313	10294	0
1958	10313	10312	0
1959	10313	10314	0
1960	10313	10315	0
1961	10313	10316	0
1962	10313	10317	0
1963	10313	10330	0
1964	10313	10331	0
1965	10313	10332	0
1966	10313	10336	0
1967	10313	10337	0
1968	10313	10338	0
1969	10313	10339	1
1970	10313	10339	0
1971	10313	10340	0
1972	10313	10342	0
1973	10313	10343	0
1974	10313	10344	0
1975	10313	10345	0
1976	10313	10398	0
1977	10314	10022	1
1978	10314	10022	0
1979	10314	10025	1
1980	10314	10025	0
1981	10314	10053	0
1982	10314	10054	0
1983	10314	10055	1
1984	10314	10055	0
1985	10314	10056	0
1986	10314	10057	0
1987	10314	10058	1
1988	10314	10058	0
1989	10314	10059	0
1990	10314	10060	0
1991	10314	10061	0
1992	10314	10196	0
1993	10314	10197	0
1994	10314	10198	0
1995	10314	10199	0
1996	10314	10200	1
1997	10314	10200	0
1998	10314	10201	0
1999	10314	10202	1
2000	10314	10202	0
2001	10314	10203	1
2002	10314	10203	0
2003	10314	10204	0
2004	10314	10205	1
2005	10314	10205	0
2006	10314	10211	1
2007	10314	10211	0
2008	10314	10213	1
2009	10314	10213	0
2010	10314	10294	1
2011	10314	10294	0
2012	10314	10312	0
2013	10314	10313	0
2014	10314	10315	0
2015	10314	10316	0
2016	10314	10317	0
2017	10314	10330	0
2018	10314	10331	0
2019	10314	10332	0
2020	10314	10336	0
2021	10314	10337	0
2022	10314	10338	0
2023	10314	10339	1
2024	10314	10339	0
2025	10314	10340	0
2026	10314	10342	0
2027	10314	10343	0
2028	10314	10344	0
2029	10314	10345	0
2030	10314	10398	0
2031	10315	10022	1
2032	10315	10022	0
2033	10315	10025	1
2034	10315	10025	0
2035	10315	10053	0
2036	10315	10054	0
2037	10315	10055	1
2038	10315	10055	0
2039	10315	10056	0
2040	10315	10057	0
2041	10315	10058	1
2042	10315	10058	0
2043	10315	10059	0
2044	10315	10060	0
2045	10315	10061	0
2046	10315	10196	0
2047	10315	10197	0
2048	10315	10198	0
2049	10315	10199	0
2050	10315	10200	1
2051	10315	10200	0
2052	10315	10201	0
2053	10315	10202	1
2054	10315	10202	0
2055	10315	10203	1
2056	10315	10203	0
2057	10315	10204	0
2058	10315	10205	1
2059	10315	10205	0
2060	10315	10211	1
2061	10315	10211	0
2062	10315	10213	1
2063	10315	10213	0
2064	10315	10294	1
2065	10315	10294	0
2066	10315	10312	0
2067	10315	10313	0
2068	10315	10314	0
2069	10315	10316	0
2070	10315	10317	0
2071	10315	10330	0
2072	10315	10331	0
2073	10315	10332	0
2074	10315	10336	0
2075	10315	10337	0
2076	10315	10338	0
2077	10315	10339	1
2078	10315	10339	0
2079	10315	10340	0
2080	10315	10342	0
2081	10315	10343	0
2082	10315	10344	0
2083	10315	10345	0
2084	10315	10398	0
2085	10316	10022	1
2086	10316	10022	0
2087	10316	10025	1
2088	10316	10025	0
2089	10316	10053	0
2090	10316	10054	0
2091	10316	10055	1
2092	10316	10055	0
2093	10316	10056	0
2094	10316	10057	0
2095	10316	10058	1
2096	10316	10058	0
2097	10316	10059	0
2098	10316	10060	0
2099	10316	10061	0
2100	10316	10196	0
2101	10316	10197	0
2102	10316	10198	0
2103	10316	10199	0
2104	10316	10200	1
2105	10316	10200	0
2106	10316	10201	0
2107	10316	10202	1
2108	10316	10202	0
2109	10316	10203	1
2110	10316	10203	0
2111	10316	10204	0
2112	10316	10205	1
2113	10316	10205	0
2114	10316	10211	1
2115	10316	10211	0
2116	10316	10213	1
2117	10316	10213	0
2118	10316	10294	1
2119	10316	10294	0
2120	10316	10312	0
2121	10316	10313	0
2122	10316	10314	0
2123	10316	10315	0
2124	10316	10317	0
2125	10316	10330	0
2126	10316	10331	0
2127	10316	10332	0
2128	10316	10336	0
2129	10316	10337	0
2130	10316	10338	0
2131	10316	10339	1
2132	10316	10339	0
2133	10316	10340	0
2134	10316	10342	0
2135	10316	10343	0
2136	10316	10344	0
2137	10316	10345	0
2138	10316	10398	0
2139	10317	10022	1
2140	10317	10022	0
2141	10317	10025	1
2142	10317	10025	0
2143	10317	10053	0
2144	10317	10054	0
2145	10317	10055	1
2146	10317	10055	0
2147	10317	10056	0
2148	10317	10057	0
2149	10317	10058	1
2150	10317	10058	0
2151	10317	10059	0
2152	10317	10060	0
2153	10317	10061	0
2154	10317	10196	0
2155	10317	10197	0
2156	10317	10198	0
2157	10317	10199	0
2158	10317	10200	1
2159	10317	10200	0
2160	10317	10201	0
2161	10317	10202	1
2162	10317	10202	0
2163	10317	10203	1
2164	10317	10203	0
2165	10317	10204	0
2166	10317	10205	1
2167	10317	10205	0
2168	10317	10211	1
2169	10317	10211	0
2170	10317	10213	1
2171	10317	10213	0
2172	10317	10294	1
2173	10317	10294	0
2174	10317	10312	0
2175	10317	10313	0
2176	10317	10314	0
2177	10317	10315	0
2178	10317	10316	0
2179	10317	10330	0
2180	10317	10331	0
2181	10317	10332	0
2182	10317	10336	0
2183	10317	10337	0
2184	10317	10338	0
2185	10317	10339	1
2186	10317	10339	0
2187	10317	10340	0
2188	10317	10342	0
2189	10317	10343	0
2190	10317	10344	0
2191	10317	10345	0
2192	10317	10398	0
2193	10330	10022	1
2194	10330	10022	0
2195	10330	10025	1
2196	10330	10025	0
2197	10330	10053	0
2198	10330	10054	0
2199	10330	10055	1
2200	10330	10055	0
2201	10330	10056	0
2202	10330	10057	0
2203	10330	10058	1
2204	10330	10058	0
2205	10330	10059	0
2206	10330	10060	0
2207	10330	10061	0
2208	10330	10196	0
2209	10330	10197	0
2210	10330	10198	0
2211	10330	10199	0
2212	10330	10200	1
2213	10330	10200	0
2214	10330	10201	0
2215	10330	10202	1
2216	10330	10202	0
2217	10330	10203	1
2218	10330	10203	0
2219	10330	10204	0
2220	10330	10205	1
2221	10330	10205	0
2222	10330	10211	1
2223	10330	10211	0
2224	10330	10213	1
2225	10330	10213	0
2226	10330	10294	1
2227	10330	10294	0
2228	10330	10312	0
2229	10330	10313	0
2230	10330	10314	0
2231	10330	10315	0
2232	10330	10316	0
2233	10330	10317	0
2234	10330	10331	0
2235	10330	10332	0
2236	10330	10336	0
2237	10330	10337	0
2238	10330	10338	0
2239	10330	10339	1
2240	10330	10339	0
2241	10330	10340	0
2242	10330	10342	0
2243	10330	10343	0
2244	10330	10344	0
2245	10330	10345	0
2246	10330	10398	0
2247	10331	10022	1
2248	10331	10022	0
2249	10331	10025	1
2250	10331	10025	0
2251	10331	10053	0
2252	10331	10054	0
2253	10331	10055	1
2254	10331	10055	0
2255	10331	10056	0
2256	10331	10057	0
2257	10331	10058	1
2258	10331	10058	0
2259	10331	10059	0
2260	10331	10060	0
2261	10331	10061	0
2262	10331	10196	0
2263	10331	10197	0
2264	10331	10198	0
2265	10331	10199	0
2266	10331	10200	1
2267	10331	10200	0
2268	10331	10201	0
2269	10331	10202	1
2270	10331	10202	0
2271	10331	10203	1
2272	10331	10203	0
2273	10331	10204	0
2274	10331	10205	1
2275	10331	10205	0
2276	10331	10211	1
2277	10331	10211	0
2278	10331	10213	1
2279	10331	10213	0
2280	10331	10294	1
2281	10331	10294	0
2282	10331	10312	0
2283	10331	10313	0
2284	10331	10314	0
2285	10331	10315	0
2286	10331	10316	0
2287	10331	10317	0
2288	10331	10330	0
2289	10331	10332	0
2290	10331	10336	0
2291	10331	10337	0
2292	10331	10338	0
2293	10331	10339	1
2294	10331	10339	0
2295	10331	10340	0
2296	10331	10342	0
2297	10331	10343	0
2298	10331	10344	0
2299	10331	10345	0
2300	10331	10398	0
2301	10332	10022	1
2302	10332	10022	0
2303	10332	10025	1
2304	10332	10025	0
2305	10332	10053	0
2306	10332	10054	0
2307	10332	10055	1
2308	10332	10055	0
2309	10332	10056	0
2310	10332	10057	0
2311	10332	10058	1
2312	10332	10058	0
2313	10332	10059	0
2314	10332	10060	0
2315	10332	10061	0
2316	10332	10196	0
2317	10332	10197	0
2318	10332	10198	0
2319	10332	10199	0
2320	10332	10200	1
2321	10332	10200	0
2322	10332	10201	0
2323	10332	10202	1
2324	10332	10202	0
2325	10332	10203	1
2326	10332	10203	0
2327	10332	10204	0
2328	10332	10205	1
2329	10332	10205	0
2330	10332	10211	1
2331	10332	10211	0
2332	10332	10213	1
2333	10332	10213	0
2334	10332	10294	1
2335	10332	10294	0
2336	10332	10312	0
2337	10332	10313	0
2338	10332	10314	0
2339	10332	10315	0
2340	10332	10316	0
2341	10332	10317	0
2342	10332	10330	0
2343	10332	10331	0
2344	10332	10336	0
2345	10332	10337	0
2346	10332	10338	0
2347	10332	10339	1
2348	10332	10339	0
2349	10332	10340	0
2350	10332	10342	0
2351	10332	10343	0
2352	10332	10344	0
2353	10332	10345	0
2354	10332	10398	0
2355	10336	10022	1
2356	10336	10022	0
2357	10336	10025	1
2358	10336	10025	0
2359	10336	10053	0
2360	10336	10054	0
2361	10336	10055	1
2362	10336	10055	0
2363	10336	10056	0
2364	10336	10057	0
2365	10336	10058	1
2366	10336	10058	0
2367	10336	10059	0
2368	10336	10060	0
2369	10336	10061	0
2370	10336	10196	0
2371	10336	10197	0
2372	10336	10198	0
2373	10336	10199	0
2374	10336	10200	1
2375	10336	10200	0
2376	10336	10201	0
2377	10336	10202	1
2378	10336	10202	0
2379	10336	10203	1
2380	10336	10203	0
2381	10336	10204	0
2382	10336	10205	1
2383	10336	10205	0
2384	10336	10211	1
2385	10336	10211	0
2386	10336	10213	1
2387	10336	10213	0
2388	10336	10294	1
2389	10336	10294	0
2390	10336	10312	0
2391	10336	10313	0
2392	10336	10314	0
2393	10336	10315	0
2394	10336	10316	0
2395	10336	10317	0
2396	10336	10330	0
2397	10336	10331	0
2398	10336	10332	0
2399	10336	10337	0
2400	10336	10338	0
2401	10336	10339	1
2402	10336	10339	0
2403	10336	10340	0
2404	10336	10342	0
2405	10336	10343	0
2406	10336	10344	0
2407	10336	10345	0
2408	10336	10398	0
2409	10337	10022	1
2410	10337	10022	0
2411	10337	10025	1
2412	10337	10025	0
2413	10337	10053	0
2414	10337	10054	0
2415	10337	10055	1
2416	10337	10055	0
2417	10337	10056	0
2418	10337	10057	0
2419	10337	10058	1
2420	10337	10058	0
2421	10337	10059	0
2422	10337	10060	0
2423	10337	10061	0
2424	10337	10196	0
2425	10337	10197	0
2426	10337	10198	0
2427	10337	10199	0
2428	10337	10200	1
2429	10337	10200	0
2430	10337	10201	0
2431	10337	10202	1
2432	10337	10202	0
2433	10337	10203	1
2434	10337	10203	0
2435	10337	10204	0
2436	10337	10205	1
2437	10337	10205	0
2438	10337	10211	1
2439	10337	10211	0
2440	10337	10213	1
2441	10337	10213	0
2442	10337	10294	1
2443	10337	10294	0
2444	10337	10312	0
2445	10337	10313	0
2446	10337	10314	0
2447	10337	10315	0
2448	10337	10316	0
2449	10337	10317	0
2450	10337	10330	0
2451	10337	10331	0
2452	10337	10332	0
2453	10337	10336	0
2454	10337	10338	0
2455	10337	10339	1
2456	10337	10339	0
2457	10337	10340	0
2458	10337	10342	0
2459	10337	10343	0
2460	10337	10344	0
2461	10337	10345	0
2462	10337	10398	0
2463	10338	10022	1
2464	10338	10022	0
2465	10338	10025	1
2466	10338	10025	0
2467	10338	10053	0
2468	10338	10054	0
2469	10338	10055	1
2470	10338	10055	0
2471	10338	10056	0
2472	10338	10057	0
2473	10338	10058	1
2474	10338	10058	0
2475	10338	10059	0
2476	10338	10060	0
2477	10338	10061	0
2478	10338	10196	0
2479	10338	10197	0
2480	10338	10198	0
2481	10338	10199	0
2482	10338	10200	1
2483	10338	10200	0
2484	10338	10201	0
2485	10338	10202	1
2486	10338	10202	0
2487	10338	10203	1
2488	10338	10203	0
2489	10338	10204	0
2490	10338	10205	1
2491	10338	10205	0
2492	10338	10211	1
2493	10338	10211	0
2494	10338	10213	1
2495	10338	10213	0
2496	10338	10294	1
2497	10338	10294	0
2498	10338	10312	0
2499	10338	10313	0
2500	10338	10314	0
2501	10338	10315	0
2502	10338	10316	0
2503	10338	10317	0
2504	10338	10330	0
2505	10338	10331	0
2506	10338	10332	0
2507	10338	10336	0
2508	10338	10337	0
2509	10338	10339	1
2510	10338	10339	0
2511	10338	10340	0
2512	10338	10342	0
2513	10338	10343	0
2514	10338	10344	0
2515	10338	10345	0
2516	10338	10398	0
2517	10339	10022	1
2518	10339	10022	1
2570	10339	10022	1
2571	10339	10022	0
2519	10339	10025	1
2520	10339	10025	1
2572	10339	10025	1
2573	10339	10025	0
2521	10339	10053	1
2574	10339	10053	0
2522	10339	10054	1
2575	10339	10054	0
2523	10339	10055	1
2524	10339	10055	1
2576	10339	10055	1
2577	10339	10055	0
2525	10339	10056	1
2578	10339	10056	0
2526	10339	10057	1
2579	10339	10057	0
2527	10339	10058	1
2528	10339	10058	1
2580	10339	10058	1
2581	10339	10058	0
2529	10339	10059	1
2582	10339	10059	0
2530	10339	10060	1
2583	10339	10060	0
2531	10339	10061	1
2584	10339	10061	0
2532	10339	10196	1
2585	10339	10196	0
2533	10339	10197	1
2586	10339	10197	0
2534	10339	10198	1
2587	10339	10198	0
2535	10339	10199	1
2588	10339	10199	0
2536	10339	10200	1
2537	10339	10200	1
2589	10339	10200	1
2590	10339	10200	0
2538	10339	10201	1
2591	10339	10201	0
2539	10339	10202	1
2540	10339	10202	1
2592	10339	10202	1
2593	10339	10202	0
2541	10339	10203	1
2542	10339	10203	1
2594	10339	10203	1
2595	10339	10203	0
2543	10339	10204	1
2596	10339	10204	0
2544	10339	10205	1
2545	10339	10205	1
2597	10339	10205	1
2598	10339	10205	0
2546	10339	10211	1
2547	10339	10211	1
2599	10339	10211	1
2600	10339	10211	0
2548	10339	10213	1
2549	10339	10213	1
2601	10339	10213	1
2602	10339	10213	0
2550	10339	10294	1
2551	10339	10294	1
2603	10339	10294	1
2604	10339	10294	0
2552	10339	10312	1
2605	10339	10312	0
2553	10339	10313	1
2606	10339	10313	0
2554	10339	10314	1
2607	10339	10314	0
2555	10339	10315	1
2608	10339	10315	0
2556	10339	10316	1
2609	10339	10316	0
2557	10339	10317	1
2610	10339	10317	0
2558	10339	10330	1
2611	10339	10330	0
2559	10339	10331	1
2612	10339	10331	0
2560	10339	10332	1
2613	10339	10332	0
2561	10339	10336	1
2614	10339	10336	0
2562	10339	10337	1
2615	10339	10337	0
2563	10339	10338	1
2616	10339	10338	0
2564	10339	10340	1
2617	10339	10340	0
2565	10339	10342	1
2618	10339	10342	0
2566	10339	10343	1
2619	10339	10343	0
2567	10339	10344	1
2620	10339	10344	0
2568	10339	10345	1
2621	10339	10345	0
2569	10339	10398	1
2622	10339	10398	0
2623	10340	10022	1
2624	10340	10022	0
2625	10340	10025	1
2626	10340	10025	0
2627	10340	10053	0
2628	10340	10054	0
2629	10340	10055	1
2630	10340	10055	0
2631	10340	10056	0
2632	10340	10057	0
2633	10340	10058	1
2634	10340	10058	0
2635	10340	10059	0
2636	10340	10060	0
2637	10340	10061	0
2638	10340	10196	0
2639	10340	10197	0
2640	10340	10198	0
2641	10340	10199	0
2642	10340	10200	1
2643	10340	10200	0
2644	10340	10201	0
2645	10340	10202	1
2646	10340	10202	0
2647	10340	10203	1
2648	10340	10203	0
2649	10340	10204	0
2650	10340	10205	1
2651	10340	10205	0
2652	10340	10211	1
2653	10340	10211	0
2654	10340	10213	1
2655	10340	10213	0
2656	10340	10294	1
2657	10340	10294	0
2658	10340	10312	0
2659	10340	10313	0
2660	10340	10314	0
2661	10340	10315	0
2662	10340	10316	0
2663	10340	10317	0
2664	10340	10330	0
2665	10340	10331	0
2666	10340	10332	0
2667	10340	10336	0
2668	10340	10337	0
2669	10340	10338	0
2670	10340	10339	1
2671	10340	10339	0
2672	10340	10342	0
2673	10340	10343	0
2674	10340	10344	0
2675	10340	10345	0
2676	10340	10398	0
2677	10342	10022	1
2678	10342	10022	0
2679	10342	10025	1
2680	10342	10025	0
2681	10342	10053	0
2682	10342	10054	0
2683	10342	10055	1
2684	10342	10055	0
2685	10342	10056	0
2686	10342	10057	0
2687	10342	10058	1
2688	10342	10058	0
2689	10342	10059	0
2690	10342	10060	0
2691	10342	10061	0
2692	10342	10196	0
2693	10342	10197	0
2694	10342	10198	0
2695	10342	10199	0
2696	10342	10200	1
2697	10342	10200	0
2698	10342	10201	0
2699	10342	10202	1
2700	10342	10202	0
2701	10342	10203	1
2702	10342	10203	0
2703	10342	10204	0
2704	10342	10205	1
2705	10342	10205	0
2706	10342	10211	1
2707	10342	10211	0
2708	10342	10213	1
2709	10342	10213	0
2710	10342	10294	1
2711	10342	10294	0
2712	10342	10312	0
2713	10342	10313	0
2714	10342	10314	0
2715	10342	10315	0
2716	10342	10316	0
2717	10342	10317	0
2718	10342	10330	0
2719	10342	10331	0
2720	10342	10332	0
2721	10342	10336	0
2722	10342	10337	0
2723	10342	10338	0
2724	10342	10339	1
2725	10342	10339	0
2726	10342	10340	0
2727	10342	10343	0
2728	10342	10344	0
2729	10342	10345	0
2730	10342	10398	0
2731	10343	10022	1
2732	10343	10022	0
2733	10343	10025	1
2734	10343	10025	0
2735	10343	10053	0
2736	10343	10054	0
2737	10343	10055	1
2738	10343	10055	0
2739	10343	10056	0
2740	10343	10057	0
2741	10343	10058	1
2742	10343	10058	0
2743	10343	10059	0
2744	10343	10060	0
2745	10343	10061	0
2746	10343	10196	0
2747	10343	10197	0
2748	10343	10198	0
2749	10343	10199	0
2750	10343	10200	1
2751	10343	10200	0
2752	10343	10201	0
2753	10343	10202	1
2754	10343	10202	0
2755	10343	10203	1
2756	10343	10203	0
2757	10343	10204	0
2758	10343	10205	1
2759	10343	10205	0
2760	10343	10211	1
2761	10343	10211	0
2762	10343	10213	1
2763	10343	10213	0
2764	10343	10294	1
2765	10343	10294	0
2766	10343	10312	0
2767	10343	10313	0
2768	10343	10314	0
2769	10343	10315	0
2770	10343	10316	0
2771	10343	10317	0
2772	10343	10330	0
2773	10343	10331	0
2774	10343	10332	0
2775	10343	10336	0
2776	10343	10337	0
2777	10343	10338	0
2778	10343	10339	1
2779	10343	10339	0
2780	10343	10340	0
2781	10343	10342	0
2782	10343	10344	0
2783	10343	10345	0
2784	10343	10398	0
2785	10344	10022	1
2786	10344	10022	0
2787	10344	10025	1
2788	10344	10025	0
2789	10344	10053	0
2790	10344	10054	0
2791	10344	10055	1
2792	10344	10055	0
2793	10344	10056	0
2794	10344	10057	0
2795	10344	10058	1
2796	10344	10058	0
2797	10344	10059	0
2798	10344	10060	0
2799	10344	10061	0
2800	10344	10196	0
2801	10344	10197	0
2802	10344	10198	0
2803	10344	10199	0
2804	10344	10200	1
2805	10344	10200	0
2806	10344	10201	0
2807	10344	10202	1
2808	10344	10202	0
2809	10344	10203	1
2810	10344	10203	0
2811	10344	10204	0
2812	10344	10205	1
2813	10344	10205	0
2814	10344	10211	1
2815	10344	10211	0
2816	10344	10213	1
2817	10344	10213	0
2818	10344	10294	1
2819	10344	10294	0
2820	10344	10312	0
2821	10344	10313	0
2822	10344	10314	0
2823	10344	10315	0
2824	10344	10316	0
2825	10344	10317	0
2826	10344	10330	0
2827	10344	10331	0
2828	10344	10332	0
2829	10344	10336	0
2830	10344	10337	0
2831	10344	10338	0
2832	10344	10339	1
2833	10344	10339	0
2834	10344	10340	0
2835	10344	10342	0
2836	10344	10343	0
2837	10344	10345	0
2838	10344	10398	0
2839	10345	10022	1
2840	10345	10022	0
2841	10345	10025	1
2842	10345	10025	0
2843	10345	10053	0
2844	10345	10054	0
2845	10345	10055	1
2846	10345	10055	0
2847	10345	10056	0
2848	10345	10057	0
2849	10345	10058	1
2850	10345	10058	0
2851	10345	10059	0
2852	10345	10060	0
2853	10345	10061	0
2854	10345	10196	0
2855	10345	10197	0
2856	10345	10198	0
2857	10345	10199	0
2858	10345	10200	1
2859	10345	10200	0
2860	10345	10201	0
2861	10345	10202	1
2862	10345	10202	0
2863	10345	10203	1
2864	10345	10203	0
2865	10345	10204	0
2866	10345	10205	1
2867	10345	10205	0
2868	10345	10211	1
2869	10345	10211	0
2870	10345	10213	1
2871	10345	10213	0
2872	10345	10294	1
2873	10345	10294	0
2874	10345	10312	0
2875	10345	10313	0
2876	10345	10314	0
2877	10345	10315	0
2878	10345	10316	0
2879	10345	10317	0
2880	10345	10330	0
2881	10345	10331	0
2882	10345	10332	0
2883	10345	10336	0
2884	10345	10337	0
2885	10345	10338	0
2886	10345	10339	1
2887	10345	10339	0
2888	10345	10340	0
2889	10345	10342	0
2890	10345	10343	0
2891	10345	10344	0
2892	10345	10398	0
2893	10398	10022	1
2894	10398	10022	0
2895	10398	10025	1
2896	10398	10025	0
2897	10398	10053	0
2898	10398	10054	0
2899	10398	10055	1
2900	10398	10055	0
2901	10398	10056	0
2902	10398	10057	0
2903	10398	10058	1
2904	10398	10058	0
2905	10398	10059	0
2906	10398	10060	0
2907	10398	10061	0
2908	10398	10196	0
2909	10398	10197	0
2910	10398	10198	0
2911	10398	10199	0
2912	10398	10200	1
2913	10398	10200	0
2914	10398	10201	0
2915	10398	10202	1
2916	10398	10202	0
2917	10398	10203	1
2918	10398	10203	0
2919	10398	10204	0
2920	10398	10205	1
2921	10398	10205	0
2922	10398	10211	1
2923	10398	10211	0
2924	10398	10213	1
2925	10398	10213	0
2926	10398	10294	1
2927	10398	10294	0
2928	10398	10312	0
2929	10398	10313	0
2930	10398	10314	0
2931	10398	10315	0
2932	10398	10316	0
2933	10398	10317	0
2934	10398	10330	0
2935	10398	10331	0
2936	10398	10332	0
2937	10398	10336	0
2938	10398	10337	0
2939	10398	10338	0
2940	10398	10339	1
2941	10398	10339	0
2942	10398	10340	0
2943	10398	10342	0
2944	10398	10343	0
2945	10398	10344	0
2946	10398	10345	0