1
10573
10574
10575
10576
10577
10578
10579
10580
10581
10589
10587
10585
10588
10582
10583
10590
10591
10567
10454
10453
10592
10457
10458
10643
10644
10621
10622
10462
10464
10561
10568
10569
10572
10562
10556
10559
10560
10563
10551
10552
10548
10547
10546
10545
10544
10555
10554
10549
10550
10553
10593
10557
10558
10596
10570
10571
10455
10456
10594
10595
10597
10598
10599
10600
10601
10616
10617
10602
10604
10605
10607
10608
10609
10612
10614
10603
10610
10638
10627
10628
10630
10629
10626
10615
10618
10625
10624
10619
10639
10620
10623
10461
10463
10459
10460
10640