2,2,1
3,3,1
4,8,1
10,11,1
13,19,1
14,14,1
15,21,1
16,18,1
18,20,1
20,22,1
23,25,1
24,24,1
26,29,1
27,27,1
28,28,1
30,30,1
32,33,1
33,32,1
36,37,1
37,1456,1
38,36,1
40,1458,1
46,39,1
48,40,1
50,46,1
52,48,1
53,1637,1
54,50,1
55,49,1
56,52,1
58,51,1
60,43,1
65,53,1
68,57,1
71,61,1
78,62,1
81,68,1
82,66,1
83,66,1
84,67,1
86,69,1
88,74,1
89,72,1
91,73,1
92,73,1
95,76,1
96,330,1
98,77,1
100,329,1
102,82,1
103,81,1
104,81,1
108,86,1
109,85,1
110,85,1
111,85,1
112,290,1
113,141,1
114,86,1
115,86,1
116,90,1
117,139,1
120,102,1
121,93,1
122,92,1
123,92,1
124,94,1
125,93,1
127,96,1
128,96,1
129,98,1
130,97,1
132,99,1
134,101,1
136,103,1
138,95,1
139,105,1
141,103,1
142,108,1
143,107,1
144,107,1
145,107,1
150,109,1
152,111,1
154,122,1
155,114,1
157,114,1
158,116,1
159,115,1
160,118,1
161,117,1
162,117,1
163,120,1
164,119,1
165,113,1
166,121,1
170,113,1
172,125,1
173,297,1
174,127,1
175,126,1
176,125,1
177,126,1
178,129,1
179,128,1
180,128,1
182,130,1
185,133,1
186,132,1
189,132,1
190,132,1
191,135,1
192,134,1
195,135,1
196,54,1
197,137,1
198,136,1
199,138,1
200,137,1
201,138,1
202,54,1
203,89,1
204,89,1
205,140,1
206,139,1
208,140,1
209,139,1
210,87,1
211,143,1
212,142,1
213,144,1
214,79,1
217,1120,1
218,147,1
224,58,1
226,149,1
229,150,1
230,153,1
231,152,1
232,152,1
233,152,1
234,152,1
236,154,1
237,154,1
239,158,1
240,156,1
241,157,1
243,159,1
246,161,1
248,175,1
249,166,1
250,162,1
251,166,1
254,163,1
255,168,1
256,171,1
257,170,1
258,169,1
259,173,1
260,172,1
261,167,1
262,174,1
263,174,1
264,167,1
267,178,1
268,177,1
269,177,1
272,181,1
273,180,1
274,180,1
275,182,1
276,182,1
277,181,1
278,181,1
280,185,1
281,184,1
283,184,1
285,193,1
286,187,1
287,189,1
288,188,1
289,191,1
290,190,1
292,192,1
293,192,1
295,186,1
297,195,1
299,283,1
303,201,1
304,202,1
305,204,1
306,342,1
307,206,1
309,2229,1
310,208,1
313,210,1
314,209,1
315,212,1
316,211,1
318,213,1
319,216,1
320,326,1
321,214,1
322,217,1
323,219,1
324,219,1
325,218,1
327,220,1
329,223,1
331,222,1
332,224,1
333,227,1
334,226,1
335,229,1
336,228,1
337,226,1
340,230,1
343,233,1
344,232,1
345,231,1
346,232,1
347,353,1
351,234,1
353,353,1
354,237,1
358,238,1
364,243,1
365,242,1
367,244,1
368,247,1
369,246,1
371,248,1
372,300,1
373,257,1
375,250,1
377,251,1
379,254,1
384,259,1
386,258,1
388,262,1
389,261,1
390,260,1
391,262,1
393,263,1
394,266,1
395,265,1
396,148,1
397,268,1
399,269,1
401,148,1
402,272,1
407,267,1
408,273,1
409,272,1
410,267,1
411,276,1
412,319,1
413,278,1
414,316,1
416,306,1
417,306,1
422,2229,1
423,2229,1
424,203,1
425,203,1
426,335,1
427,282,1
428,197,1
429,284,1
430,285,1
432,287,1
433,287,1
434,199,1
435,199,1
438,200,1
439,88,1
442,293,1
443,292,1
446,294,1
447,295,1
449,204,1
452,131,1
453,160,1
454,351,1
455,297,1
457,112,1
459,106,1
461,196,1
462,291,1
463,202,1
469,80,1
470,78,1
471,221,1
474,231,1
476,60,1
478,56,1
479,239,1
480,245,1
481,34,1
484,26,1
485,23,1
486,264,1
487,17,1
488,270,1
489,221,1
493,282,1
495,2229,1
496,2227,1
497,220,1
499,258,1
500,23,1
502,241,1
503,239,1
505,208,1
506,206,1
511,160,1
513,79,1
514,1120,1
515,140,1
518,134,1
521,130,1
523,121,1
524,111,1
525,109,1
528,105,1
530,93,1
532,90,1
533,2215,1
534,80,1
535,69,1
536,56,1
538,4063,1
539,43,1
540,350,1
542,1419,1
549,249,1
551,253,1
552,303,1
553,304,1
554,311,1
555,307,1
556,279,1
558,309,1
559,305,1
560,308,1
563,314,1
564,315,1
565,320,1
567,317,1
568,318,1
569,275,1
570,312,1
572,323,1
573,324,1
574,325,1
575,71,1
576,321,1
577,215,1
578,328,1
579,331,1
580,145,1
581,75,1
582,332,1
583,327,1
585,336,1
586,282,1
587,1197,1
588,335,1
589,1206,1
592,338,1
593,333,1
594,285,1
595,340,1
596,343,1
597,281,1
598,341,1
599,1099,1
602,345,1
604,346,1
605,347,1
607,348,1
608,84,1
609,349,1
611,351,1
612,352,1
614,354,1
617,194,1
619,356,1
620,358,1
622,360,1
625,359,1
626,362,1
628,364,1
629,363,1
631,361,1
632,366,1
633,365,1
634,368,1
635,367,1
636,367,1
638,370,1
639,369,1
640,373,1
641,371,1
643,375,1
644,1384,0
645,375,1
646,377,1
647,376,1
648,375,1
649,375,1
650,376,1
651,379,1
652,378,1
653,378,1
654,379,1
657,381,1
658,381,1
659,384,1
660,383,1
661,382,1
663,384,1
668,386,1
670,389,1
671,390,1
676,391,1
678,396,1
680,398,1
681,399,1
682,650,1
683,401,1
684,402,1
685,403,1
686,404,1
687,405,1
688,401,1
689,1680,1
690,405,1
691,409,1
693,411,1
695,413,1
696,411,1
697,414,1
698,415,1
699,416,1
700,417,1
701,418,1
702,419,1
705,418,1
706,421,1
707,422,1
708,727,1
709,424,1
710,425,1
711,426,1
712,427,1
714,428,1
715,428,1
717,429,1
718,430,1
719,431,1
720,432,1
721,428,1
722,433,1
723,434,1
724,433,1
725,436,1
726,437,1
727,433,1
728,438,1
730,440,1
731,441,1
732,442,1
733,443,1
735,1319,1
736,445,1
737,446,1
738,445,1
739,448,1
740,449,1
741,450,1
742,450,1
743,450,1
745,453,1
746,454,1
748,452,1
750,458,1
751,459,1
753,459,1
754,462,1
755,463,1
756,464,1
757,465,1
758,465,1
759,466,1
760,467,1
761,468,1
762,469,1
763,470,1
764,471,1
765,472,1
766,473,1
767,474,1
768,475,1
769,476,1
770,477,1
771,478,1
772,477,1
773,480,1
774,481,1
775,482,1
776,483,1
777,484,1
778,485,1
779,486,1
780,487,1
781,488,1
782,489,1
783,490,1
784,491,1
785,492,1
786,493,1
787,494,1
788,495,1
789,496,1
790,497,1
791,498,1
792,496,1
793,500,1
794,501,1
795,502,1
796,503,1
797,502,1
798,504,1
799,505,1
800,506,1
801,507,1
802,506,1
803,509,1
804,972,1
805,511,1
806,512,1
807,513,1
808,514,1
809,515,1
810,516,1
811,517,1
812,518,1
813,519,1
815,521,1
816,522,1
817,521,1
818,524,1
819,525,1
820,524,1
821,526,1
822,527,1
823,528,1
824,529,1
825,530,1
826,531,1
827,532,1
828,533,1
829,534,1
830,535,1
831,536,1
832,537,1
833,538,1
834,539,1
835,540,1
836,541,1
837,542,1
838,543,1
839,544,1
842,547,1
844,549,1
845,550,1
846,550,1
848,553,1
849,554,1
850,555,1
851,556,1
852,557,1
853,558,1
854,559,1
855,560,1
856,4454,1
857,562,1
858,563,1
859,564,1
860,565,1
861,566,1
862,563,1
863,567,1
864,568,1
865,569,1
866,570,1
867,571,1
868,572,1
869,572,1
870,573,1
871,574,1
872,575,1
873,573,1
874,576,1
875,577,1
876,578,1
877,579,1
878,580,1
879,581,1
881,583,1
882,584,1
883,585,1
884,586,1
885,587,1
886,588,1
887,589,1
888,590,1
889,591,1
890,592,1
891,593,1
892,594,1
893,595,1
894,594,1
895,596,1
896,597,1
897,598,1
898,599,1
899,600,1
900,600,1
901,601,1
902,717,1
903,601,1
904,603,1
905,604,1
906,605,1
907,606,1
909,608,1
911,610,1
912,611,1
913,607,1
914,612,1
915,613,1
916,614,1
917,615,1
921,619,1
922,620,1
923,616,1
924,621,1
925,622,1
926,621,1
927,624,1
928,625,1
929,624,1
930,627,1
931,628,1
932,624,1
933,629,1
935,631,1
936,632,1
937,633,1
938,634,1
939,635,1
940,636,1
941,637,1
943,637,1
944,640,1
945,641,1
946,642,1
947,643,1
948,644,1
949,645,1
951,647,1
952,648,1
953,649,1
955,648,1
956,651,1
957,652,1
958,653,1
959,654,1
960,655,1
961,656,1
962,657,1
963,658,1
965,660,1
966,661,1
967,661,1
969,663,1
970,664,1
971,665,1
972,664,1
974,668,1
975,669,1
976,670,1
977,669,1
978,672,1
979,673,1
980,669,1
981,674,1
982,675,1
983,674,1
984,677,1
985,678,1
986,679,1
987,680,1
988,681,1
989,682,1
990,683,1
991,684,1
992,683,1
993,312,1
995,688,1
996,689,1
997,690,1
998,689,1
1000,693,1
1001,694,1
1003,694,1
1004,674,1
1006,698,1
1007,699,1
1008,700,1
1011,703,1
1012,699,1
1014,704,1
1016,704,1
1018,707,1
1019,708,1
1020,709,1
1023,712,1
1024,708,1
1025,713,1
1026,714,1
1027,714,1
1028,715,1
1029,716,1
1032,644,1
1034,655,1
1036,720,1
1037,721,1
1038,722,1
1039,723,1
1040,724,1
1041,724,1
1042,725,1
1043,726,1
1044,595,1
1045,417,1
1046,722,1
1049,728,1
1050,728,1
1051,729,1
1052,730,1
1054,732,1
1055,733,1
1056,734,1
1057,735,1
1059,737,1
1061,2112,1
1062,737,1
1063,740,1
1064,741,1
1065,737,1
1066,741,1
1067,742,1
1068,743,1
1069,744,1
1070,745,1
1071,746,1
1072,747,1
1073,748,1
1074,749,1
1076,751,1
1077,749,1
1080,749,1
1082,754,1
1084,755,1
1085,756,1
1086,757,1
1087,758,1
1088,1125,1
1089,760,1
1090,761,1
1091,762,1
1092,761,1
1093,763,1
1094,764,1
1095,764,1
1096,765,1
1097,766,1
1098,767,1
1099,768,1
1100,769,1
1102,1086,1
1103,771,1
1104,772,1
1105,773,1
1106,774,1
1107,773,1
1108,775,1
1109,776,1
1110,775,1
1111,778,1
1112,779,1
1113,775,1
1114,780,1
1115,781,1
1116,782,1
1117,783,1
1118,332,1
1120,785,1
1121,785,1
1122,784,1
1123,786,1
1124,787,1
1125,787,1
1126,788,1
1127,789,1
1128,790,1
1129,791,1
1130,791,1
1131,792,1
1132,793,1
1133,792,1
1134,794,1
1135,795,1
1136,796,1
1137,797,1
1139,799,1
1140,800,1
1141,801,1
1142,1244,1
1144,803,1
1145,803,1
1146,1178,1
1147,804,1
1148,805,1
1151,804,1
1152,806,1
1153,807,1
1154,808,1
1156,1710,1
1157,808,1
1158,806,1
1159,810,1
1162,813,1
1163,814,1
1164,417,1
1165,815,1
1167,816,1
1169,819,1
1171,821,1
1172,819,1
1173,822,1
1174,823,1
1176,824,1
1178,826,1
1179,827,1
1180,828,1
1181,829,1
1182,830,1
1183,831,1
1184,832,1
1185,833,1
1186,830,1
1187,834,1
1188,835,1
1189,836,1
1190,837,1
1191,1256,1
1192,834,1
1193,836,1
1194,838,1
1195,839,1
1196,840,1
1197,841,1
1198,841,1
1199,842,1
1200,843,1
1201,844,1
1202,845,1
1203,845,1
1204,846,1
1205,847,1
1206,847,1
1207,848,1
1208,849,1
1209,849,1
1210,669,1
1211,694,1
1213,679,1
1214,1232,1
1215,1200,1
1216,1200,1
1217,1200,1
1219,851,1
1221,853,1
1222,854,1
1223,855,1
1224,854,1
1227,857,1
1228,1191,1
1229,857,1
1230,858,1
1231,859,1
1232,858,1
1234,861,1
1235,1175,1
1239,863,1
1240,1172,1
1242,865,1
1243,864,1
1244,866,1
1245,867,1
1247,1143,1
1248,869,1
1249,869,1
1250,870,1
1251,871,1
1252,867,1
1253,872,1
1254,873,1
1255,874,1
1256,874,1
1257,875,1
1258,876,1
1259,877,1
1260,877,1
1261,1325,1
1262,879,1
1263,880,1
1264,881,1
1265,882,1
1266,882,1
1267,881,1
1268,883,1
1269,442,1
1270,442,1
1271,884,1
1273,884,1
1274,886,1
1275,1158,1
1276,887,1
1277,887,1
1279,889,1
1280,889,1
1281,888,1
1283,890,1
1284,891,1
1285,891,1
1286,891,1
1287,892,1
1288,893,1
1289,893,1
1290,894,1
1292,3893,1
1293,894,1
1295,897,1
1296,1181,1
1297,1187,1
1299,898,1
1301,2238,1
1304,901,1
1305,900,1
1306,901,1
1309,902,1
1310,903,1
1311,904,1
1312,905,1
1313,904,1
1314,906,1
1315,907,1
1316,904,1
1317,908,1
1318,909,1
1319,908,1
1320,910,1
1321,911,1
1322,908,1
1323,912,1
1324,913,1
1325,912,1
1326,914,1
1327,915,1
1328,912,1
1329,915,1
1330,916,1
1331,917,1
1332,918,1
1333,919,1
1334,920,1
1335,921,1
1336,922,1
1337,923,1
1338,924,1
1339,925,1
1340,926,1
1341,927,1
1342,926,1
1343,928,1
1344,929,1
1345,930,1
1346,931,1
1347,932,1
1348,933,1
1349,934,1
1350,935,1
1351,935,1
1352,936,1
1353,937,1
1354,938,1
1355,939,1
1356,938,1
1357,940,1
1358,941,1
1359,942,1
1360,943,1
1361,943,1
1362,944,1
1363,945,1
1364,946,1
1365,947,1
1366,948,1
1367,949,1
1368,950,1
1369,950,1
1370,951,1
1371,952,1
1372,953,1
1373,954,1
1374,955,1
1375,955,1
1376,951,1
1377,956,1
1378,957,1
1379,958,1
1380,959,1
1381,950,1
1382,960,1
1383,961,1
1384,960,1
1385,962,1
1386,963,1
1387,964,1
1388,965,1
1389,966,1
1390,967,1
1391,968,1
1392,969,1
1395,970,1
1396,971,1
1398,973,1
1399,973,1
1400,968,1
1401,974,1
1402,975,1
1403,974,1
1404,976,1
1405,977,1
1406,977,1
1407,978,1
1408,979,1
1409,980,1
1410,981,1
1411,982,1
1412,983,1
1413,984,1
1414,985,1
1415,985,1
1416,986,1
1417,987,1
1418,987,1
1419,988,1
1420,989,1
1421,989,1
1422,990,1
1423,991,1
1424,992,1
1425,992,1
1426,991,1
1427,993,1
1428,994,1
1429,995,1
1430,996,1
1431,997,1
1432,997,1
1433,998,1
1434,999,1
1435,998,1
1436,999,1
1437,1000,1
1438,1001,1
1439,1001,1
1440,1002,1
1441,1003,1
1442,1004,1
1443,1005,1
1444,1005,1
1445,1006,1
1446,1007,1
1447,1008,1
1448,1009,1
1449,1010,1
1450,1011,1
1451,1012,1
1452,1013,1
1453,1014,1
1454,1015,1
1455,1016,1
1456,1017,1
1457,1015,1
1458,1017,1
1459,1018,1
1460,1019,1
1461,1020,1
1462,1021,1
1463,1022,1
1464,1023,1
1465,1024,1
1466,1024,1
1467,1025,1
1468,1026,1
1469,1027,1
1470,1028,1
1471,1029,1
1472,1028,1
1473,1030,1
1474,1031,1
1475,1032,1
1476,1033,1
1477,1034,1
1478,1033,1
1479,1035,1
1480,1036,1
1481,1033,1
1483,1038,1
1484,1037,1
1488,1039,1
1489,1040,1
1490,1041,1
1491,1042,1
1492,1041,1
1493,1043,1
1494,1044,1
1496,1045,1
1497,1046,1
1498,1047,1
1499,1048,1
1500,1049,1
1501,1050,1
1502,1051,1
1503,1052,1
1504,1053,1
1505,1052,1
1506,1053,1
1507,1054,1
1508,1055,1
1509,1052,1
1510,1055,1
1511,1054,1
1512,1056,1
1513,1056,1
1514,1057,1
1515,1057,1
1516,1056,1
1517,1058,1
1518,1059,1
1519,1060,1
1520,1061,1
1521,1060,1
1522,1060,1
1523,1062,1
1524,1063,1
1526,1064,1
1527,1065,1
1529,1067,1
1530,1468,1
1531,1068,1
1532,1069,1
1533,1070,1
1534,1069,1
1535,1069,1
1536,1071,1
1537,1072,1
1538,1073,1
1539,1074,1
1540,1073,1
1541,1073,1
1542,1075,1
1543,1076,1
1544,1076,1
1545,1077,1
1546,1078,1
1547,1077,1
1549,1080,1
1550,1080,1
1551,1081,1
1552,1081,1
1553,1082,1
1554,1083,1
1555,1081,1
1556,1083,1
1558,1085,1
1559,1086,1
1560,1086,1
1561,1087,1
1562,1088,1
1563,636,1
1565,1090,1
1566,1091,1
1567,1091,1
1568,1090,1
1570,1093,1
1572,1095,1
1575,1098,1
1577,1100,1
1580,1102,1
1581,1101,1
1583,1104,1
1584,1105,1
1586,1107,1
1587,1108,1
1589,1110,1
1590,1111,1
1591,1112,1
1592,1113,1
1593,1114,1
1594,1115,1
1596,1117,1
1598,1119,1
1599,1120,1
1605,1126,1
1606,1127,1
1607,1128,1
1608,1129,1
1609,1130,1
1610,1130,1
1611,77,1
1612,1106,1
1613,1131,1
1614,1132,1
1615,1100,1
1616,1133,1
1617,1134,1
1620,1136,1
1621,1137,1
1622,1137,1
1623,1138,1
1624,1139,1
1625,1090,1
1626,549,1
1627,552,1
1628,463,1
1629,554,1
1630,458,1
1631,460,1
1632,559,1
1633,453,1
1634,564,1
1635,569,1
1636,1140,1
1640,1319,1
1641,1144,1
1642,437,1
1643,2248,1
1644,2247,1
1645,577,1
1646,577,1
1647,4455,1
1648,430,1
1649,586,1
1650,434,1
1651,584,1
1652,427,1
1653,422,1
1655,4456,1
1656,588,1
1657,1306,1
1661,606,1
1662,608,1
1663,1770,1
1666,613,1
1668,617,1
1669,625,1
1670,620,1
1671,1382,1
1672,628,1
1673,2114,1
1674,634,1
1675,369,1
1677,1607,1
1678,684,1
1679,682,1
1680,690,1
1682,680,1
1683,678,1
1684,695,1
1685,693,1
1686,675,1
1687,673,1
1688,698,1
1689,705,1
1690,668,1
1694,823,1
1695,839,1
1696,843,1
1697,863,1
1698,863,1
1699,861,1
1700,861,1
1701,889,1
1702,859,1
1703,853,1
1704,855,1
1705,897,1
1707,851,1
1708,489,1
1709,487,1
1710,522,1
1711,475,1
1712,535,1
1713,539,1
1714,472,1
1717,1151,1
1719,1153,1
1721,1155,1
1722,1156,1
1724,1158,1
1725,1159,1
1726,1160,1
1727,1161,1
1728,1162,1
1729,1163,1
1730,1165,1
1731,1166,1
1732,1167,1
1733,1168,1
1734,1169,1
1736,1164,1
1737,1172,1
1738,1173,1
1739,1174,1
1741,1176,1
1742,1177,1
1743,1179,1
1744,1180,1
1745,1181,1
1746,1182,1
1747,1183,1
1748,1184,1
1749,1185,1
1750,1186,1
1751,1188,1
1752,1189,1
1753,1191,1
1754,1192,1
1755,1193,1
1756,1194,1
1757,1195,1
1758,1196,1
1759,1198,1
1760,1199,1
1761,1201,1
1762,1202,1
1763,337,1
1766,1207,1
1767,1208,1
1776,1217,1
1777,1218,1
1778,1219,1
1779,1220,1
1780,1221,1
1781,1222,1
1782,1223,1
1783,1224,1
1784,1225,1
1785,1226,1
1786,1227,1
1787,1228,1
1788,1229,1
1789,1230,1
1790,1231,1
1791,1233,1
1792,1234,1
1794,1236,1
1795,1237,1
1796,1238,1
1797,1239,1
1798,1240,1
1799,1241,1
1800,1242,1
1801,1243,1
1802,1244,1
1803,1245,1
1804,1246,1
1806,1248,1
1807,1249,1
1808,1250,1
1809,1251,1
1810,1252,1
1811,1253,1
1814,1256,1
1815,1257,1
1816,1258,1
1817,1259,1
1818,1260,1
1827,1269,1
1828,1270,1
1829,1271,1
1830,1272,1
1831,1273,1
1833,702,1
1836,1278,1
1837,1279,1
1839,1281,1
1840,1282,1
1841,1283,1
1842,1284,1
1843,1285,1
1846,1288,1
1847,1289,1
1848,1290,1
1849,1291,1
1850,1292,1
1852,1294,1
1853,1295,1
1854,1296,1
1855,687,1
1861,1303,1
1862,1304,1
1865,1309,1
1868,667,1
1871,1313,1
1872,1314,1
1873,1315,1
1874,1316,1
1875,1317,1
1877,1318,1
1880,225,1
1881,10,1
1882,186,1
1883,1099,1
1885,1102,1
1886,468,1
1887,468,1
1888,449,1
1889,4338,1
1890,4338,1
1891,4338,1
1892,504,1
1893,971,1
1894,441,1
1895,459,1
1897,1321,1
1898,1322,1
1899,1323,1
1900,1324,1
1902,1326,1
1903,203,1
1904,868,1
1905,574,1
1906,867,1
1907,603,1
1908,418,1
1910,324,1
1911,40,1
1912,112,1
1913,112,1
1914,297,1
1915,351,1
1918,183,1
1919,888,1
1920,1327,0
1921,1328,0
1922,1329,0
1924,1330,0
1937,1385,0
1938,2029,0
1939,2019,0
1940,1354,0
1952,1410,0
1953,1354,0
1954,1354,0
1955,1355,0
1958,1357,0
1960,1358,0
1961,1359,0
1962,1360,0
1963,1359,0
1964,1361,0
1965,1361,0
1966,1360,0
1968,1365,0
1969,2016,0
1970,2016,0
1971,1365,0
1972,1365,0
1973,1366,0
1974,2004,0
1975,1367,0
1977,1369,0
1978,1370,0
1979,1371,0
1980,1372,1
1981,1373,1
1982,1371,0
1983,1374,0
1984,1376,0
1988,1483,0
1989,1379,0
1991,1382,1
1992,1383,0
1993,2029,0
1994,2027,0
1995,2027,0
1997,1386,0
1998,1387,0
1999,1390,0
2001,1390,0
2002,1391,0
2004,1393,0
2005,1394,0
2006,1395,0
2007,1392,0
2008,1394,0
2009,1594,0
2010,1594,0
2011,1396,0
2012,1397,0
2013,1398,0
2015,1400,1
2017,1402,0
2018,1403,0
2019,1404,0
2020,1405,0
2021,1406,1
2023,1398,0
2024,1398,0
2025,1408,0
2026,1409,0
2027,1405,0
2028,1405,0
2029,2027,0
2030,1411,0
2031,1412,0
2032,1411,0
2034,1414,0
2035,1415,0
2036,1416,0
2037,1415,0
2038,1420,0
2039,1421,0
2040,1422,0
2041,1426,1
2043,1425,1
2045,1427,1
2046,1428,1
2047,1426,1
2048,1429,0
2049,1430,0
2050,1431,1
2051,1432,0
2052,1433,0
2053,1433,0
2054,1435,1
2055,1434,1
2056,1421,0
2057,1420,0
2058,1437,1
2059,1342,0
2060,2033,1
2061,1438,0
2062,1342,0
2063,1387,0
2064,1387,0
2065,1439,0
2067,1439,0
2069,1441,0
2070,1441,0
2072,1443,0
2074,1445,0
2075,1446,0
2076,1447,0
2078,1447,0
2079,1447,0
2081,1450,0
2082,1450,0
2083,1450,0
2084,1450,0
2085,1451,0
2086,1451,0
2087,1451,0
2090,1455,0
2092,1457,0
2094,1459,0
2095,1460,0
2098,1463,0
2099,1464,0
2100,1996,0
2102,2008,0
2103,2019,0
2104,2006,0
2105,1464,0
2106,1463,0
2107,1465,0
2109,1467,0
2110,1468,1
2111,1469,1
2112,1064,1
2113,1463,0
2114,1465,0
2115,1064,1
2116,1463,0
2117,1470,0
2118,1471,0
2119,1472,0
2120,1989,0
2121,1470,0
2122,1473,0
2123,1438,0
2124,1438,0
2125,1442,0
2126,1475,0
2127,1438,0
2128,1438,0
2129,1476,0
2130,1477,0
2132,1478,0
2133,1479,0
2134,1479,0
2135,1480,0
2136,1480,0
2137,1479,0
2138,1481,0
2139,1482,0
2140,1479,0
2141,1481,0
2142,1481,0
2143,2002,0
2144,2002,0
2145,1482,0
2146,1482,0
2147,1484,0
2148,1573,0
2149,1573,0
2150,1483,0
2151,1483,0
2152,1485,0
2153,1486,0
2154,4170,0
2155,1487,0
2156,1488,0
2157,1489,0
2158,1979,0
2159,1979,0
2160,1489,0
2161,1489,0
2162,1490,0
2163,1491,0
2164,1492,0
2165,1977,0
2166,1977,0
2167,2000,0
2168,2000,0
2169,1973,0
2170,1973,0
2171,1492,0
2172,1492,0
2173,1493,0
2174,1494,0
2175,1495,0
2176,4181,0
2178,1495,0
2179,1495,0
2180,1494,0
2181,4181,0
2182,1496,0
2184,1497,0
2185,1499,0
2186,1500,0
2188,1501,0
2189,1503,0
2190,1496,0
2192,1500,0
2194,620,1
2195,1503,0
2196,1504,0
2197,1505,0
2198,1506,0
2199,1480,0
2200,1480,0
2201,1508,0
2202,1488,0
2203,1510,0
2204,1488,0
2205,1488,0
2206,1508,0
2207,1508,0
2208,1508,0
2209,1508,0
2211,1512,0
2212,1513,0
2213,1514,0
2215,1515,0
2216,2040,0
2218,1514,0
2219,1514,0
2220,4445,0
2221,4445,0
2222,1491,0
2223,1491,0
2224,2038,0
2225,2038,0
2226,4445,0
2227,1495,0
2229,1495,0
2230,4445,0
2232,1518,0
2233,1518,0
2234,4444,0
2235,4444,0
2236,1505,0
2237,1505,0
2238,1518,0
2239,1519,0
2241,3268,0
2242,3268,0
2243,1518,0
2244,1518,0
2245,4448,0
2246,4129,0
2247,4149,0
2248,4149,0
2249,1510,0
2250,1522,0
2251,4112,0
2252,4129,0
2253,4129,0
2254,1483,0
2255,1483,0
2256,1523,0
2257,1524,0
2258,4125,0
2259,1523,0
2260,1525,0
2261,1515,0
2262,1526,0
2263,1526,0
2264,1523,0
2265,1525,0
2267,1523,0
2275,1383,0
2276,1383,0
2277,1525,0
2278,1525,0
2279,1532,0
2281,1533,0
2282,371,1
2283,1534,0
2284,1535,0
2285,1534,0
2286,1534,0
2287,1533,0
2288,1533,0
2289,1536,0
2290,1526,0
2291,1526,0
2292,1526,0
2293,1526,0
2294,1393,0
2295,1393,0
2296,1395,0
2297,1395,0
2298,4097,0
2299,4097,0
2300,1537,0
2301,1538,0
2302,1539,0
2305,1541,0
2306,4112,0
2307,1564,0
2310,1543,0
2313,1549,0
2314,4094,0
2315,4094,0
2316,1549,0
2321,1549,0
2323,1544,0
2325,1556,0
2326,1557,0
2327,1540,0
2329,1561,0
2331,1562,0
2332,1563,0
2333,4106,0
2334,1565,0
2335,1560,0
2336,1566,0
2337,1567,0
2338,1568,0
2340,1570,0
2341,1571,0
2343,1573,0
2344,1574,0
2345,1575,0
2346,1573,0
2347,1573,0
2348,1576,0
2349,1577,0
2350,1576,0
2351,1576,0
2352,1578,0
2353,1578,0
2354,1578,0
2355,1579,0
2356,1580,0
2358,1582,0
2359,1555,0
2360,1555,0
2361,1583,0
2362,1584,0
2363,1585,0
2364,1386,0
2365,1586,0
2366,1587,0
2367,1588,0
2369,1590,0
2370,4088,0
2371,4088,0
2372,1591,0
2373,1592,0
2374,1593,0
2375,1594,0
2376,1595,0
2377,2066,0
2378,2066,0
2379,1596,0
2380,1597,0
2381,1598,0
2383,1600,0
2384,1601,0
2385,1602,0
2386,1603,0
2387,1591,0
2388,1604,0
2389,1605,0
2390,1606,0
2391,1607,1
2392,1605,0
2393,1089,1
2394,1605,0
2395,1605,0
2396,1605,0
2397,1608,0
2398,1602,0
2399,1603,0
2400,1603,0
2401,637,1
2402,359,1
2403,361,1
2404,1609,0
2405,1610,0
2406,2093,0
2407,2093,0
2408,1609,0
2409,1609,0
2410,1611,0
2411,2095,0
2412,1612,0
2413,1612,0
2414,1612,0
2416,1614,0
2417,615,1
2418,617,1
2419,1614,0
2420,1644,0
2421,1616,0
2422,1614,0
2423,1614,0
2424,1493,0
2425,1816,0
2426,1616,0
2427,1616,0
2428,1648,0
2429,1618,0
2430,1835,0
2431,1835,0
2432,1618,0
2433,1618,0
2434,1818,0
2435,1490,0
2436,1619,0
2437,1620,0
2438,1848,0
2439,1848,0
2440,1619,0
2441,1487,0
2442,4194,0
2443,4194,0
2444,1620,0
2445,1620,0
2446,1621,0
2447,1622,0
2450,1623,0
2451,1624,0
2452,695,1
2454,1625,0
2455,1822,0
2456,1822,0
2457,1622,0
2458,1622,0
2459,4197,0
2460,4197,0
2462,1621,0
2463,1626,0
2464,1627,0
2465,1628,0
2466,1622,0
2467,1627,0
2468,1627,0
2469,1629,0
2471,688,1
2472,1630,0
2473,1627,0
2474,1627,0
2475,1631,0
2476,1996,0
2477,1633,0
2478,1634,0
2479,1113,1
2480,4215,0
2481,4215,0
2482,1633,0
2483,1633,0
2484,1462,0
2486,1634,0
2487,1634,0
2488,1631,0
2489,1631,0
2490,1115,1
2491,1635,0
2492,280,1
2493,1636,0
2495,1638,0
2496,1636,0
2497,1639,0
2498,1640,0
2499,1641,0
2500,1642,0
2501,1942,0
2502,1642,0
2503,1640,0
2504,1641,0
2505,1942,0
2506,1642,0
2507,1643,0
2508,1644,0
2509,1645,0
2510,1642,0
2511,1642,0
2512,1645,0
2513,1645,0
2514,1740,0
2515,1740,0
2517,1644,0
2518,1646,0
2519,1742,0
2520,1648,0
2521,1645,0
2522,1645,0
2523,1646,0
2524,1646,0
2525,1742,0
2528,1650,0
2529,1651,0
2530,1646,0
2531,1646,0
2532,1651,0
2533,1651,0
2534,1763,0
2535,1650,0
2536,1652,0
2538,1764,0
2539,4323,0
2540,1654,0
2541,1654,0
2542,1652,0
2543,1655,0
2545,1947,0
2546,1655,0
2547,1655,0
2548,1947,0
2549,1784,0
2550,1657,0
2551,1658,0
2552,1659,0
2553,1657,0
2554,1659,0
2555,4327,0
2556,1658,0
2557,1660,0
2558,1785,0
2559,1661,0
2560,1658,0
2561,1658,0
2562,1660,0
2563,1660,0
2564,1661,0
2565,1662,0
2566,1662,0
2567,1663,0
2568,1882,0
2569,1664,1
2570,1665,1
2571,1666,0
2572,1667,0
2573,1668,0
2575,1669,0
2576,1671,0
2578,1660,0
2579,59,1
2580,1672,1
2581,1673,0
2582,1674,0
2583,4541,0
2584,1676,0
2585,1677,0
2586,1678,1
2587,1678,1
2589,3067,0
2590,1676,0
2591,1679,0
2592,652,1
2593,1677,0
2595,1679,0
2596,1680,1
2597,1681,0
2598,1681,0
2599,1681,0
2600,1740,0
2602,1643,0
2603,1698,0
2604,1698,0
2606,1683,0
2607,1683,0
2608,1683,0
2609,1683,0
2610,1684,0
2611,1685,0
2612,1686,0
2613,1687,0
2614,1688,0
2615,1753,0
2616,1685,0
2617,1685,0
2618,1690,0
2621,1691,0
2622,1691,0
2623,1691,0
2624,4239,0
2625,4239,0
2626,4290,0
2627,1690,0
2628,1690,0
2629,1692,0
2631,1693,0
2632,1693,0
2633,4294,0
2634,4294,0
2635,4250,0
2636,1692,0
2637,1692,0
2638,1694,0
2640,1695,0
2641,4256,0
2642,4256,0
2643,4297,0
2644,4297,0
2645,1694,0
2646,1695,0
2647,1696,0
2648,727,1
2649,3125,0
2650,3120,0
2651,1698,0
2652,1698,0
2653,4463,0
2655,1701,0
2656,1696,0
2657,1701,0
2658,1698,0
2659,4463,0
2660,1700,0
2661,1701,0
2662,1704,0
2663,1686,0
2664,1686,0
2665,1704,0
2666,1703,0
2667,1704,0
2669,1703,0
2670,1703,0
2671,1706,0
2672,1706,0
2673,1707,0
2674,1708,0
2675,1708,0
2677,1710,1
2678,1711,1
2679,4465,0
2680,1713,0
2681,1712,0
2682,1712,0
2683,1707,0
2684,1713,0
2685,1714,0
2686,1714,0
2687,1714,0
2688,825,1
2689,1715,0
2690,1716,0
2691,825,1
2692,1718,0
2693,1717,0
2694,1717,0
2696,1719,0
2697,1720,0
2698,1719,0
2699,1721,0
2700,1722,0
2701,1723,0
2702,1722,0
2703,2116,0
2704,2116,0
2705,1724,0
2706,1725,0
2707,1726,0
2708,1727,1
2709,1728,0
2710,1713,0
2711,3685,0
2712,1729,0
2713,1730,0
2714,1729,0
2715,1731,0
2716,1732,0
2717,1733,0
2718,1734,0
2719,1735,0
2720,1736,0
2722,1737,0
2723,1738,0
2724,1739,0
2725,1740,0
2726,1741,0
2727,1745,0
2730,1743,0
2731,1743,0
2732,712,1
2733,1745,0
2734,1746,0
2735,1743,0
2736,1743,0
2737,1743,0
2738,1684,0
2739,1747,0
2740,1747,0
2741,1748,0
2742,1749,0
2743,1750,0
2744,1751,0
2745,1752,0
2747,1754,0
2748,1754,0
2749,1755,0
2750,1756,0
2751,1756,0
2752,1754,0
2753,1756,0
2754,1756,0
2755,1907,0
2756,1755,0
2757,1757,0
2758,1758,0
2759,1759,0
2760,4243,0
2761,1757,0
2762,4254,0
2763,1758,0
2764,1911,0
2765,1760,0
2766,1761,0
2767,1762,0
2768,1761,0
2769,1758,0
2770,1760,0
2771,4262,0
2772,1761,0
2773,1762,0
2774,1763,0
2775,1764,0
2776,1765,0
2777,1763,0
2778,1915,0
2779,1763,0
2780,1765,0
2781,1758,0
2782,1764,0
2783,1766,0
2784,1767,0
2785,1768,0
2786,606,1
2787,608,1
2788,1768,0
2789,1644,0
2790,390,1
2791,1770,1
2792,1771,0
2793,1772,0
2794,1773,0
2795,1774,0
2796,1775,0
2798,4218,0
2799,1772,0
2800,1777,0
2801,1777,0
2802,1778,0
2803,1779,0
2804,4220,0
2805,1777,0
2806,1656,0
2807,1780,0
2808,1781,0
2809,1781,0
2810,1778,0
2811,1780,0
2812,1780,0
2813,1783,0
2814,1780,0
2816,1794,0
2817,1947,0
2818,1784,0
2819,1785,0
2820,1786,0
2821,1787,0
2822,1784,0
2823,1955,0
2824,1787,0
2825,1785,0
2826,4271,0
2827,1788,0
2828,611,1
2829,1789,0
2830,1774,0
2831,1771,0
2832,1789,0
2833,1788,0
2834,1790,0
2835,1772,0
2836,1775,0
2837,1772,0
2838,1775,0
2839,1831,0
2840,1831,0
2841,1790,0
2842,1790,0
2843,1791,0
2846,1794,0
2849,1797,0
2850,1840,0
2851,1966,0
2852,1819,0
2853,1781,0
2854,1798,0
2855,1799,0
2856,1966,0
2857,1798,0
2858,1800,0
2859,1801,1
2860,1802,1
2861,1803,0
2862,700,1
2863,1800,0
2864,1799,0
2865,4312,0
2866,4312,0
2867,4265,0
2868,1797,0
2869,1794,0
2870,1806,0
2871,1804,0
2872,1805,0
2873,1806,0
2874,1807,0
2875,1805,0
2876,1807,0
2877,1807,0
2878,1808,0
2879,1792,0
2880,1804,0
2881,1791,0
2882,2102,0
2883,2102,0
2884,1808,0
2885,1809,0
2886,1810,0
2888,1812,0
2889,1813,0
2891,1815,0
2892,1814,0
2893,4274,0
2894,1808,0
2895,387,1
2896,1816,0
2897,383,1
2898,387,1
2899,1817,0
2900,1774,0
2901,1816,0
2902,1818,0
2903,1819,0
2904,1820,0
2905,1833,0
2906,1820,0
2907,1775,0
2908,1818,0
2909,1821,0
2910,1847,0
2911,1821,0
2912,1819,0
2913,1619,0
2914,1822,0
2915,1823,0
2916,4437,0
2917,1822,0
2918,1824,0
2919,1825,0
2920,1826,0
2921,1827,0
2922,1828,0
2923,1620,0
2924,1825,0
2925,1829,0
2926,1830,0
2927,1831,0
2928,1832,0
2929,1833,0
2930,1834,0
2931,1835,0
2932,1836,0
2933,1837,0
2934,1789,0
2935,1831,0
2936,1616,0
2937,1835,0
2938,1838,0
2939,1839,0
2940,1840,0
2941,1841,0
2942,1842,0
2943,1843,0
2944,1844,0
2945,1845,0
2946,1846,0
2947,1847,0
2948,1848,0
2949,1849,0
2950,1850,0
2951,1851,0
2952,1852,0
2953,1853,0
2954,1854,0
2955,1855,0
2956,1840,0
2957,1841,0
2958,4231,0
2959,1841,0
2960,1851,0
2961,1618,0
2962,1849,0
2963,1852,0
2965,1849,0
2966,1848,0
2967,1856,0
2968,1857,0
2969,1739,0
2971,1859,0
2972,1858,0
2973,1858,0
2974,1859,0
2975,4268,0
2976,1859,0
2977,1860,0
2978,1861,0
2979,1861,0
2980,1862,0
2981,1863,0
2982,1864,0
2983,1861,0
2984,1661,0
2985,1864,0
2987,1866,0
2988,1867,0
2989,1868,1
2990,1869,1
2991,1881,0
2992,1865,0
2993,1868,1
2994,1870,0
2995,1871,0
2996,1867,0
2997,1870,0
2998,1871,0
2999,1865,0
3000,1872,0
3002,1870,0
3003,1872,0
3004,1663,0
3005,1875,0
3006,1876,0
3008,224,1
3009,1875,0
3010,2934,0
3011,1878,0
3012,1879,0
3013,1880,0
3014,1881,0
3015,1882,0
3016,1884,0
3017,1885,0
3018,1886,0
3019,1887,0
3020,1881,0
3021,1864,0
3022,1663,0
3023,1885,0
3024,1886,0
3025,1882,0
3026,1890,0
3027,1886,0
3028,1884,0
3029,4327,0
3030,4250,0
3031,831,1
3032,1927,0
3033,2934,0
3034,1880,0
3035,3868,0
3036,1880,0
3037,1888,0
3038,1888,0
3039,1889,0
3040,1890,0
3042,230,1
3043,1891,0
3044,1884,0
3045,1891,0
3046,1892,0
3047,1893,0
3050,1894,0
3051,1893,0
3052,1893,0
3053,1894,0
3054,1872,0
3055,1879,0
3056,1894,0
3057,1879,0
3058,1872,0
3059,835,1
3060,1895,0
3061,705,1
3063,668,1
3064,1897,0
3065,1898,0
3066,1778,0
3067,1899,0
3068,1900,0
3069,1900,0
3070,1901,0
3071,1901,0
3072,1733,0
3073,1899,0
3074,1733,0
3075,1900,0
3076,1902,0
3077,1903,0
3078,1904,0
3079,1905,0
3080,1906,0
3081,1907,0
3082,1908,0
3083,1907,0
3087,1911,0
3088,1912,0
3089,1911,0
3090,1913,0
3091,1914,0
3092,1913,0
3093,1915,0
3094,1916,0
3095,1755,0
3096,1917,0
3097,1918,0
3098,1920,0
3099,1691,0
3100,4243,0
3101,1693,0
3103,1922,0
3104,4254,0
3106,1923,0
3107,1924,0
3108,1923,0
3109,1925,0
3110,1926,0
3111,1925,0
3112,1927,0
3113,1928,0
3114,1669,0
3115,1929,0
3116,1930,0
3117,1880,0
3118,1931,0
3119,1932,0
3120,1933,0
3121,1934,0
3122,1935,0
3123,1931,0
3124,1648,0
3125,4226,0
3126,1768,0
3127,1935,0
3128,1932,0
3134,2497,0
3136,1942,0
3137,1943,0
3138,1944,0
3139,1942,0
3140,1944,0
3141,1639,0
3142,1943,0
3143,2899,0
3144,1935,0
3145,1943,0
3155,1945,0
3156,1946,0
3157,1934,0
3158,1656,0
3159,1948,0
3160,1949,0
3161,1950,0
3162,1951,0
3163,4247,0
3164,1951,0
3165,1952,0
3166,1952,0
3167,1780,0
3168,1950,0
3169,1953,0
3170,1947,0
3171,1656,0
3172,1954,0
3173,1955,0
3174,1956,0
3175,1957,0
3176,1958,0
3177,1959,0
3178,1960,0
3179,1961,0
3180,1962,0
3181,1963,0
3182,1964,0
3183,1965,0
3184,1966,0
3185,1967,0
3186,1966,0
3187,1798,0
3188,1968,0
3189,1969,0
3190,1970,0
3191,1971,0
3192,1972,0
3193,1973,0
3194,1974,0
3195,1492,0
3196,1975,0
3197,1976,0
3198,1977,0
3199,1978,0
3200,1979,0
3201,1980,0
3202,1998,0
3203,1981,0
3204,1982,0
3205,1622,0
3206,1981,0
3207,1983,0
3208,1984,0
3209,1985,0
3210,1984,0
3211,1470,0
3212,1986,0
3213,1987,0
3214,1988,0
3215,1635,0
3216,1986,0
3217,1989,0
3218,1990,0
3219,1989,0
3221,1992,0
3222,1991,0
3224,1994,0
3225,1995,0
3227,1993,0
3228,4213,0
3229,1997,0
3230,4213,0
3231,1996,0
3232,1998,0
3233,1999,0
3234,1998,0
3235,2000,0
3236,2001,0
3237,2000,0
3238,1491,0
3239,2002,0
3240,2003,0
3241,1984,0
3243,2004,0
3244,2004,0
3245,2006,0
3246,2007,0
3247,2008,0
3248,2009,0
3249,2010,0
3250,2008,0
3252,2011,0
3253,2012,0
3254,1464,0
3255,1464,0
3256,2013,0
3257,2014,0
3258,2015,0
3259,4162,0
3261,2013,0
3262,4162,0
3263,2016,0
3264,2017,0
3265,2018,0
3266,2016,0
3267,2016,0
3268,2019,0
3269,2020,0
3270,1355,0
3271,2019,0
3272,2019,0
3273,1355,0
3274,2021,0
3275,2022,0
3276,2023,0
3277,2021,0
3278,1385,0
3279,1385,0
3280,2021,0
3281,2024,0
3282,2025,0
3283,2026,0
3284,2034,0
3285,2028,0
3286,2034,0
3287,2034,0
3288,1410,0
3289,2030,0
3290,2031,0
3291,2032,0
3292,2033,1
3293,1436,0
3294,2035,0
3295,2036,0
3296,2038,0
3297,2039,0
3298,2040,0
3299,2041,0
3300,2040,0
3301,2042,0
3302,2043,0
3303,2044,0
3310,4130,0
3311,2048,0
3312,2049,0
3313,2050,0
3314,2051,0
3315,2052,0
3316,2053,0
3317,2054,0
3318,2055,0
3319,2056,0
3320,2057,0
3321,2058,0
3322,2059,0
3323,2060,0
3324,2061,0
3326,2057,0
3327,2062,0
3328,2063,0
3329,1583,0
3331,2064,0
3332,2065,0
3333,2066,0
3334,2067,0
3335,2068,0
3336,2069,0
3337,2070,0
3338,2071,0
3342,2075,0
3343,2064,0
3345,2057,0
3347,2076,1
3348,2077,1
3349,2078,1
3351,2079,1
3352,2080,0
3353,2081,0
3354,2082,0
3355,2083,0
3358,2086,0
3359,2081,0
3360,2081,0
3361,2083,0
3362,1126,1
3363,762,1
3364,2087,0
3367,781,1
3369,2090,1
3373,2093,0
3374,2094,0
3375,2095,0
3376,2096,0
3378,2098,0
3379,2099,0
3380,641,1
3381,1049,1
3382,2100,0
3383,2101,0
3384,2096,0
3385,2095,0
3386,1609,0
3387,2097,0
3389,2098,0
3390,2096,0
3391,2102,0
3392,2103,0
3393,2104,0
3394,1107,1
3395,1109,1
3396,1633,0
3397,2102,0
3398,2098,0
3399,2100,0
3400,2005,0
3401,2105,0
3402,2106,0
3403,2107,0
3404,2108,1
3405,2109,1
3406,1412,0
3407,2110,0
3408,1078,1
3409,1076,1
3410,2111,0
3411,1544,0
3412,1394,0
3413,1897,0
3414,1515,0
3415,1480,0
3416,753,1
3417,749,1
3418,1583,0
3419,2113,0
3421,2115,0
3422,1532,0
3423,1871,0
3425,785,1
3426,2024,0
3427,1411,0
3428,1342,0
3429,1625,0
3430,1623,0
3431,2114,1
3432,1600,0
3433,1342,0
3434,1462,0
3436,1462,0
3437,1597,0
3439,1993,0
3440,1819,0
3441,4197,0
3443,2117,0
3444,1738,0
3445,296,1
3446,1884,0
3448,4103,0
3449,1397,0
3450,4464,0
3451,2118,0
3452,4358,0
3453,3651,0
3454,3651,0
3455,2122,0
3456,2123,0
3457,2123,0
3458,2125,0
3459,2126,0
3460,2126,0
3461,3723,0
3462,2128,0
3468,2132,0
3470,2134,0
3471,2135,0
3472,2136,0
3473,2135,0
3474,2132,0
3476,2138,0
3477,1682,0
3478,2136,0
3479,2137,0
3480,2136,0
3481,2136,0
3482,3667,0
3483,3667,0
3484,2118,0
3485,2118,0
3486,2137,0
3487,2138,0
3488,2245,0
3489,2245,0
3490,2140,0
3493,2141,0
3494,2140,0
3495,2140,0
3496,2140,0
3497,2140,0
3499,2142,0
3500,2142,0
3501,2143,0
3502,2142,0
3503,2144,0
3504,2144,0
3505,2144,0
3506,2145,0
3507,2146,0
3508,2144,0
3509,2144,0
3515,2148,0
3516,2148,0
3517,2148,0
3522,2152,0
3523,3541,0
3524,3541,0
3526,3891,0
3527,3891,0
3547,2161,0
3548,3887,0
3549,3887,0
3550,2162,0
3551,3585,0
3552,3585,0
3553,2163,0
3554,2253,0
3555,2253,0
3557,2165,0
3558,2165,0
3559,2165,0
3560,3656,0
3561,2165,0
3562,2165,0
3563,2167,0
3564,2167,0
3565,2167,0
3566,2168,0
3567,2169,0
3568,2170,0
3571,2167,0
3572,2167,0
3573,2173,0
3574,2173,0
3576,2173,0
3577,2173,0
3578,2174,0
3579,2174,0
3580,2174,0
3581,2174,0
3582,2174,0
3583,2175,0
3584,2175,0
3586,2175,0
3587,4377,0
3588,2176,0
3589,2176,0
3595,2180,0
3596,2181,0
3597,2182,0
3598,2255,0
3599,2255,0
3600,2182,0
3601,2182,0
3602,2180,0
3603,2180,0
3604,3630,0
3605,3630,0
3606,2183,0
3607,2184,0
3608,2185,0
3609,2186,0
3610,2187,0
3612,2189,0
3613,2190,0
3614,2191,0
3615,2192,0
3616,2193,0
3617,2194,0
3623,2199,0
3624,2182,0
3625,2182,0
3626,2190,0
3627,2190,0
3628,3661,0
3629,3661,0
3630,2183,0
3631,2183,0
3632,2190,0
3633,2190,0
3634,2191,0
3635,2191,0
3636,2184,0
3637,2184,0
3638,4387,0
3639,4387,0
3640,2192,0
3641,2192,0
3642,2193,0
3643,2193,0
3644,3694,0
3645,3694,0
3646,2186,0
3647,2186,0
3648,2194,0
3649,2194,0
3650,3489,0
3651,3489,0
3652,2187,0
3653,2187,0
3654,3710,0
3655,3710,0
3672,3843,0
3673,3843,0
3674,3886,0
3675,3886,0
3676,2199,0
3677,2199,0
3678,2189,0
3679,2189,0
3680,2200,0
3681,2201,0
3682,2200,0
3683,2200,0
3684,2201,0
3685,2201,0
3686,3679,0
3687,3679,0
3688,2137,0
3689,2137,0
3690,2202,0
3691,2203,0
3692,2201,0
3693,2201,0
3694,2202,0
3695,2202,0
3696,2203,0
3697,2203,0
3698,2122,0
3699,2122,0
3700,3588,0
3701,2205,0
3702,2206,0
3703,3593,0
3704,3593,0
3705,3715,0
3706,3715,0
3707,2205,0
3708,2205,0
3709,2206,0
3710,2206,0
3742,2212,0
3743,2213,0
3744,3888,0
3745,3888,0
3746,3888,0
3747,2134,0
3748,2134,0
3749,2134,0
3750,2213,0
3751,2213,0
3752,2213,0
3753,2212,0
3754,2212,0
3755,2212,0
3756,2214,0
3757,2215,1
3758,2216,0
3759,2217,0
3760,2218,0
3762,2220,1
3764,2219,1
3765,2221,1
3766,2222,1
3767,2223,0
3768,2224,0
3769,2225,0
3770,2227,1
3771,2228,0
3772,199,1
3773,2229,1
3774,2230,0
3775,2231,0
3776,2232,0
3782,2238,1
3785,2241,1
3791,2244,0
3793,2246,0
3794,2246,0
3795,2246,0
3796,422,1
3797,2247,1
3798,2248,1
3799,2249,0
3800,2253,0
3801,2254,0
3802,2254,0
3803,2254,0
3804,2253,0
3805,2255,0
3806,2256,0
3807,2257,0
3808,2258,1
3809,434,1
3810,2128,0
3811,2128,0
3813,2261,0
3817,2263,1
3818,2263,1
3819,2264,1
3820,2264,1
3821,2265,1
3822,2265,1
3823,2266,1
3824,2267,1
3825,2267,1
3826,2268,1
3827,2268,1
3828,2269,1
3829,2270,1
3830,2271,1
3831,2272,0
3832,2273,0
3845,2281,0
3847,2541,0
3848,2284,0
3849,4418,0
3852,2287,0
3853,2288,0
3854,2289,0
3855,2290,0
3856,2291,0
3859,2292,0
3860,2293,0
3863,2296,0
3865,2298,0
3867,2300,1
3868,2301,1
3869,2302,1
3870,2302,1
3871,2303,1
3872,2303,1
3873,2304,1
3874,2305,1
3875,2307,1
3886,4418,0
3899,2469,0
3905,2328,0
3906,2459,0
3907,2330,0
3908,2331,0
3909,2331,0
3910,2330,0
3911,1504,0
3912,1504,0
3913,2291,0
3914,2291,0
3915,2332,0
3916,2333,0
3917,2334,0
3918,4423,0
3919,2334,0
3920,2290,0
3921,2290,0
3922,2332,0
3923,2332,0
3925,2336,0
3926,4497,0
3927,4498,0
3928,2338,0
3929,2338,0
3930,2336,0
3931,2287,0
3932,2287,0
3933,2287,0
3934,2341,0
3935,2342,0
3936,2293,0
3938,2293,0
3939,2344,0
3940,2345,0
3941,2346,0
3942,2345,0
3943,2347,0
3944,2347,0
3945,2344,0
3946,2344,0
3947,2346,0
3948,2347,0
3949,2348,0
3950,2349,0
3951,2350,0
3952,4426,0
3953,4426,0
3954,2296,0
3955,2296,0
3956,2349,0
3957,3436,0
3960,2799,0
3967,2794,0
3971,2387,0
3989,2383,0
3995,2387,0
3998,1356,0
3999,2391,0
4002,2394,0
4003,2395,0
4012,2404,0
4019,2411,0
4020,2412,0
4026,3436,0
4038,3436,0
4039,3436,0
4040,2799,0
4062,2799,0
4063,2799,0
4078,2433,0
4079,2434,0
4080,3334,0
4081,3334,0
4082,2794,0
4095,2792,0
4096,3894,0
4097,3894,0
4098,1356,0
4099,1356,0
4100,2792,0
4101,2792,0
4102,2387,0
4126,4430,0
4127,4430,0
4128,2383,0
4129,2383,0
4130,1328,0
4131,1328,0
4134,2785,0
4154,2782,0
4155,2459,0
4156,2459,0
4163,2461,0
4164,2323,0
4165,2323,0
4166,2323,0
4167,2901,0
4168,2901,0
4169,3115,0
4170,2322,0
4171,3111,0
4172,3111,0
4174,2469,0
4175,2469,0
4176,2461,0
4177,2461,0
4178,2474,0
4179,2464,0
4180,2465,0
4181,2465,0
4183,3118,0
4184,2467,0
4185,2468,0
4186,2472,0
4187,2470,0
4188,2471,0
4189,2470,0
4190,2470,0
4191,2472,0
4192,2472,0
4193,2472,0
4194,2472,0
4195,2471,0
4197,2474,0
4200,2474,0
4201,2474,0
4202,2474,0
4203,3118,0
4208,3118,0
4210,2476,0
4211,2476,0
4212,2509,0
4235,2497,0
4236,2498,0
4238,2500,0
4239,2498,0
4240,2498,0
4241,2500,0
4242,2500,0
4243,4421,0
4244,4421,0
4245,2322,0
4246,2322,0
4247,2501,0
4248,2502,0
4249,2503,0
4250,2323,0
4251,2323,0
4252,2501,0
4254,2505,0
4255,2273,0
4256,2273,0
4257,2501,0
4258,2501,0
4259,2506,0
4260,2506,0
4261,2505,0
4262,2505,0
4263,2506,0
4264,2507,0
4265,2508,0
4266,2506,0
4267,2506,0
4268,3873,0
4269,3873,0
4274,2272,0
4275,2272,0
4277,2509,0
4278,2511,0
4279,2512,0
4280,2509,0
4281,2509,0
4282,2513,0
4283,2513,0
4284,2513,0
4285,2514,0
4287,2529,0
4288,2529,0
4289,2328,0
4290,2946,0
4291,2946,0
4292,2513,0
4293,2513,0
4303,2521,0
4304,2522,0
4305,2523,0
4306,2521,0
4307,2521,0
4308,2514,0
4309,2514,0
4310,2529,0
4314,2515,0
4315,2529,0
4316,2530,0
4317,2531,0
4318,2529,0
4320,2515,0
4321,2515,0
4322,2532,0
4325,2281,0
4330,3156,0
4331,2281,0
4333,4510,0
4334,4510,0
4335,3124,0
4336,3124,0
4337,2539,0
4341,2543,0
4343,2545,0
4346,2548,0
4347,2549,0
4351,2553,0
4352,2554,0
4365,2560,0
4366,2564,0
4367,2560,0
4368,2541,0
4369,2541,0
4370,2564,0
4371,4416,0
4372,4416,0
4375,2564,0
4376,2567,0
4379,2570,1
4380,4409,0
4381,4409,0
4382,2569,0
4383,2571,0
4384,2569,0
4385,2284,0
4386,2284,0
4387,4411,0
4388,2916,0
4389,2916,0
4392,2572,0
4396,2572,0
4399,2572,0
4401,2579,0
4402,2579,0
4403,2571,0
4408,2581,0
4409,2583,0
4410,2584,0
4411,2585,0
4412,4413,0
4413,4413,0
4414,2583,0
4430,2587,0
4435,2599,0
4436,4402,0
4437,4402,0
4438,2543,0
4439,2543,0
4440,2599,0
4441,2599,0
4442,3130,0
4443,3130,0
4448,2599,0
4451,2607,0
4458,3081,0
4459,2615,0
4460,2616,0
4461,2878,0
4469,2625,0
4471,2841,0
4478,2835,0
4479,2635,0
4480,4457,0
4484,2640,0
4494,2650,0
4495,4424,0
4496,2650,0
4497,2650,0
4498,2694,0
4500,2640,0
4501,2640,0
4503,2655,0
4507,2655,0
4508,2656,0
4509,2657,0
4510,2656,0
4511,2655,0
4512,2658,0
4513,2652,0
4514,2658,0
4517,2658,0
4518,2662,0
4520,2658,0
4522,2662,0
4523,2652,0
4524,2652,0
4525,3094,0
4526,2663,0
4535,3093,0
4536,2670,0
4537,2671,0
4538,3093,0
4540,2670,0
4541,2671,0
4542,2671,0
4543,2663,0
4544,2672,0
4547,2681,0
4548,2676,0
4549,2677,0
4550,2672,0
4551,2672,0
4552,2676,0
4553,2676,0
4554,2681,0
4556,2677,0
4563,2681,0
4564,2682,0
4565,2683,0
4566,2684,0
4567,2885,0
4568,2885,0
4569,2684,0
4570,2684,0
4571,2682,0
4572,2682,0
4573,2683,0
4574,2683,0
4575,2884,0
4576,2686,0
4577,2687,0
4578,2682,0
4579,2682,0
4580,2884,0
4588,2883,0
4590,3088,0
4591,3088,0
4594,2883,0
4595,2883,0
4598,2694,0
4599,2695,0
4605,2698,0
4606,2700,0
4614,2633,0
4615,2711,0
4617,2712,0
4618,2711,0
4619,2711,0
4620,2711,0
4621,2841,0
4622,2841,0
4623,2712,0
4624,2712,0
4625,2712,0
4626,2633,0
4627,2633,0
4639,2721,0
4640,2725,0
4641,2726,0
4642,2727,0
4643,2721,0
4644,2721,0
4645,2725,0
4647,2729,0
4648,2730,0
4649,2731,0
4650,2725,0
4651,2725,0
4652,2729,0
4654,2729,0
4655,2733,0
4656,2734,0
4657,2735,0
4658,2729,0
4659,2729,0
4660,2733,0
4663,2736,0
4665,2740,0
4666,2739,0
4667,2739,0
4668,2740,0
4669,2740,0
4672,2736,0
4673,2736,0
4674,2741,0
4676,2743,0
4677,3442,0
4678,3442,0
4679,2741,0
4680,2741,0
4682,3929,0
4683,2746,0
4684,2747,0
4685,2741,0
4686,2741,0
4687,3929,0
4691,3927,0
4714,2760,0
4716,2762,0
4717,4032,0
4721,2762,0
4723,2764,0
4724,2765,0
4725,2766,0
4726,2760,0
4727,2760,0
4728,2764,0
4730,2768,0
4731,2769,0
4732,2770,0
4733,2767,0
4734,2767,0
4737,2771,0
4738,2772,0
4739,2773,0
4740,2768,0
4741,2768,0
4742,2771,0
4746,2776,0
4747,2777,0
4748,2771,0
4763,2782,0
4766,2786,0
4767,2787,0
4768,2785,0
4769,2785,0
4770,2782,0
4772,2786,0
4773,2787,0
4775,2785,0
4777,2792,0
4778,2792,0
4780,2794,0
4781,2794,0
4783,2794,0
4788,2799,0
4796,3434,0
4797,3436,0
4854,2635,0
4855,2635,0
4856,2830,0
4857,2831,0
4858,2830,0
4859,2635,0
4860,2635,0
4861,2835,0
4862,2835,0
4863,2635,0
4864,2830,0
4865,2834,0
4866,2711,0
4867,2711,0
4868,2835,0
4878,2839,0
4879,2840,0
4880,2841,0
4881,2841,0
4882,2840,0
4883,2840,0
4884,2839,0
4885,2839,0
4886,2625,0
4887,2625,0
4888,2841,0
4889,2839,0
4907,2843,0
4908,2852,0
4909,2853,0
4910,2853,0
4911,2853,0
4912,2843,0
4913,2843,0
4914,2852,0
4915,2876,0
4916,2876,0
4917,2843,0
4918,2876,0
4926,2856,0
4927,2857,0
4928,2856,0
4929,2856,0
4930,2856,0
4931,2878,0
4932,2878,0
4933,2857,0
4934,2857,0
4935,2876,0
4937,2878,0
4944,2863,0
4945,2864,0
4946,2878,0
4947,2878,0
4948,2616,0
4949,2616,0
4950,2865,0
4951,2866,0
4952,2865,0
4953,2866,0
4954,2866,0
4955,3267,0
4956,3267,0
4957,2616,0
4958,2616,0
4959,2616,0
4973,2874,0
4975,2874,0
4976,2874,0
4977,4446,0
4978,4446,0
4981,2607,0
4982,2607,0
4983,2876,0
4984,2876,0
4985,2876,0
4986,2878,0
4992,2841,0
4993,2882,0
4994,2882,0
4995,2882,0
4996,2882,0
4997,3084,0
4998,3084,0
4999,2883,0
5000,2884,0
5001,2885,0
5004,3164,0
5005,2888,0
5006,2298,0
5007,2298,0
5008,2296,0
5009,2296,0
5010,3158,0
5011,3158,0
5012,3164,0
5013,3164,0
5014,2350,0
5015,2350,0
5016,2889,0
5017,2890,0
5018,2292,0
5019,2292,0
5020,3169,0
5021,3169,0
5022,2889,0
5023,2889,0
5024,2890,0
5025,2890,0
5026,2891,0
5027,2892,0
5028,2891,0
5029,2891,0
5030,2892,0
5031,2892,0
5032,2288,0
5033,2288,0
5034,2289,0
5035,2289,0
5036,2893,0
5040,2893,0
5041,2893,0
5042,2289,0
5043,2289,0
5044,2332,0
5045,2332,0
5046,2894,0
5047,2894,0
5048,2894,0
5049,3875,0
5050,1506,0
5051,1506,0
5052,3875,0
5054,2896,0
5055,2896,0
5056,2896,0
5057,3111,0
5058,2897,0
5060,2899,0
5061,2897,0
5062,3875,0
5063,3875,0
5064,2899,0
5065,2899,0
5066,2897,0
5067,2897,0
5068,3111,0
5069,3111,0
5071,2901,0
5074,2903,0
5075,2903,0
5076,2903,0
5077,2903,0
5078,2476,0
5080,2464,0
5081,2464,0
5082,2906,0
5083,2907,0
5084,2906,0
5085,2906,0
5086,2907,0
5087,2907,0
5089,2946,0
5091,2911,0
5092,2912,1
5093,2913,1
5094,2913,1
5095,2914,1
5096,2914,1
5097,2916,0
5098,2917,1
5099,2917,1
5100,2918,1
5101,2919,1
5102,2919,1
5103,2541,0
5104,2541,0
5106,2921,0
5107,3456,0
5112,2920,0
5113,2920,0
5119,2924,0
5120,3869,0
5121,2924,0
5123,2926,0
5124,2927,0
5125,3455,0
5130,2930,0
5131,2931,0
5146,2936,0
5147,2937,0
5148,2938,0
5149,3452,0
5152,2936,0
5155,2941,0
5156,2936,0
5157,2936,0
5160,4477,0
5161,4477,0
5162,2941,0
5165,2944,0
5166,2945,0
5171,2946,0
5172,2947,0
5173,2946,0
5175,3451,0
5176,2949,0
5177,2950,0
5179,3451,0
5181,2949,0
5182,2949,0
5183,2950,0
5184,2950,0
5185,2951,0
5188,2951,0
5189,2951,0
5191,3909,0
5192,3909,0
5195,3909,0
5205,2955,0
5206,2960,0
5207,2961,0
5208,2961,0
5209,2961,0
5210,3908,0
5211,3908,0
5212,2955,0
5213,3907,0
5215,3907,0
5216,2963,0
5218,3736,0
5219,3232,0
5220,3232,0
5221,3877,0
5222,3877,0
5223,3907,0
5224,3907,0
5225,2963,0
5226,2963,0
5227,2966,0
5228,2967,0
5230,2966,0
5231,2963,0
5232,2963,0
5233,2967,0
5234,2968,0
5235,3850,0
5237,2971,0
5238,2966,0
5239,2966,0
5240,3850,0
5241,3850,0
5243,2971,0
5244,2971,0
5245,3850,0
5249,2976,0
5252,2978,0
5253,2979,0
5255,2979,0
5256,2979,0
5257,3914,0
5258,3914,0
5260,3927,0
5261,3927,0
5264,2983,0
5265,2984,0
5266,2985,0
5269,2983,0
5270,2983,0
5271,3437,0
5272,2987,0
5273,2983,0
5274,2983,0
5275,3439,0
5276,2989,0
5278,2739,0
5280,2739,0
5281,2739,0
5282,3439,0
5283,3439,0
5284,2989,0
5285,2989,0
5288,2995,0
5289,2996,0
5290,2997,0
5291,2989,0
5292,2989,0
5293,2995,0
5295,2995,0
5296,2999,0
5297,3000,0
5298,3001,0
5299,2995,0
5300,2995,0
5301,2999,0
5302,2999,0
5303,3002,0
5304,3003,0
5305,3004,0
5306,2999,0
5307,2999,0
5308,3002,0
5309,3002,0
5310,3005,0
5311,3006,0
5397,3060,1
5398,3060,1
5399,3062,1
5400,3062,1
5401,3157,1
5402,3064,1
5403,4531,1
5404,4531,1
5405,3066,1
5406,3066,1
5407,3067,0
5408,3068,1
5409,3068,1
5410,3069,1
5411,3069,1
5412,3070,1
5413,3070,1
5414,3071,1
5415,3071,1
5416,3072,1
5417,3072,1
5418,3073,1
5419,3074,1
5421,3139,1
5423,3077,0
5424,3077,0
5425,3077,0
5426,3078,0
5427,2614,0
5428,3078,0
5429,2614,0
5430,3079,0
5431,3082,0
5432,3083,0
5433,3084,0
5434,3085,0
5435,3086,0
5436,2882,0
5437,2882,0
5438,3084,0
5439,3084,0
5440,3087,0
5441,3087,0
5442,3087,0
5443,3088,0
5444,3090,0
5445,3090,0
5446,2884,0
5447,2884,0
5448,3091,0
5449,3092,0
5450,2681,0
5451,2681,0
5452,2885,0
5453,2885,0
5454,2885,0
5455,3093,0
5456,3094,0
5457,3095,0
5458,3096,0
5459,3093,0
5460,3093,0
5461,3094,0
5462,3094,0
5463,3097,0
5464,3098,0
5465,3099,0
5466,3100,0
5467,3099,0
5468,3100,0
5469,3101,0
5470,3102,0
5471,3102,0
5472,3101,0
5473,3103,0
5474,3104,0
5489,3111,0
5497,3115,0
5498,3116,0
5499,3117,0
5500,2461,0
5501,2461,0
5502,2901,0
5503,2901,0
5504,3119,0
5505,3119,0
5506,3119,0
5507,3118,0
5508,3118,0
5509,3120,0
5512,4541,0
5513,4541,0
5514,4536,0
5515,4536,0
5516,3120,0
5517,3120,0
5518,3125,0
5519,3125,0
5521,3126,0
5522,3127,0
5523,4526,0
5524,4526,0
5525,4530,0
5526,4530,0
5527,3125,0
5528,3125,0
5530,3128,0
5531,3129,0
5532,2911,0
5533,2911,0
5534,2284,0
5535,2284,0
5536,3129,0
5537,3129,0
5538,3130,0
5539,3131,0
5540,3132,0
5541,3133,0
5543,3133,0
5544,3133,0
5545,3140,0
5546,3141,0
5547,3135,0
5548,3132,0
5549,3132,0
5550,3132,0
5551,2587,0
5552,2587,0
5553,2587,0
5554,2587,0
5555,3139,1
5556,3141,0
5557,3134,0
5558,3141,0
5559,3155,1
5560,3155,1
5561,3155,1
5562,3143,0
5563,3144,0
5564,3146,0
5567,3146,0
5568,3146,0
5569,2554,0
5570,2554,0
5571,4519,0
5572,4519,0
5573,3155,1
5574,3155,1
5575,3149,0
5576,3150,0
5577,2546,0
5578,3152,0
5579,3153,0
5580,4519,0
5582,3156,0
5583,3156,0
5584,3157,1
5585,3064,1
5586,3156,0
5587,3156,0
5588,3158,0
5589,3159,0
5590,3160,0
5591,3158,0
5592,3158,0
5593,3161,0
5594,3162,0
5595,3163,0
5596,3161,0
5597,3161,0
5598,2888,0
5599,2888,0
5600,3164,0
5601,3165,0
5602,3166,0
5603,3164,0
5604,3164,0
5605,3161,0
5606,3161,0
5607,3166,0
5608,3167,0
5609,3168,0
5610,2291,0
5611,2291,0
5612,2290,0
5613,2290,0
5614,3169,0
5615,3170,0
5616,3172,0
5617,2287,0
5618,2287,0
5619,3169,0
5620,3169,0
5621,3172,0
5622,3170,0
5623,2347,0
5624,3174,0
5625,2347,0
5626,2347,0
5627,3174,0
5628,3174,0
5629,3175,0
5630,3176,0
5631,3177,0
5632,2344,0
5633,3175,0
5634,3175,0
5645,3851,0
5646,3184,0
5647,3878,0
5648,3878,0
5649,3850,0
5650,3850,0
5651,3184,0
5652,3184,0
5653,3851,0
5654,3851,0
5655,3185,0
5656,4487,0
5657,3187,0
5658,3851,0
5659,3851,0
5660,3185,0
5661,3185,0
5662,3188,0
5663,3189,0
5664,3190,0
5665,3185,0
5666,3185,0
5667,3188,0
5668,3188,0
5669,3191,0
5670,4488,0
5671,3193,0
5672,3194,0
5673,3853,0
5674,3196,0
5675,3191,0
5676,3191,0
5677,3853,0
5678,3196,0
5679,3194,0
5680,3197,0
5681,3198,0
5682,3199,0
5683,4481,0
5684,4481,0
5685,3197,0
5686,3197,0
5687,3200,0
5688,3201,0
5689,3202,0
5690,3197,0
5691,3197,0
5692,3200,0
5693,3200,0
5694,3203,0
5695,3254,0
5697,3200,0
5698,3200,0
5699,3203,0
5700,3203,0
5701,3206,0
5702,3207,0
5703,3208,0
5704,3203,0
5705,3203,0
5706,3206,0
5707,3206,0
5708,3209,0
5711,3206,0
5712,3206,0
5713,3905,0
5714,3905,0
5715,3319,0
5716,3319,0
5717,3209,0
5719,3213,0
5720,3214,0
5721,3213,0
5722,3213,0
5765,3232,0
5768,3232,0
5769,3232,0
5770,4492,0
5771,4492,0
5772,3235,0
5773,3236,0
5775,3736,0
5776,3736,0
5777,3235,0
5778,3235,0
5779,3238,0
5780,4485,0
5781,3736,0
5783,3243,0
5784,3241,0
5785,3242,0
5787,3241,0
5788,3241,0
5789,3243,0
5790,3243,0
5791,3242,0
5792,3246,0
5794,3245,0
5795,3243,0
5796,3243,0
5800,3245,0
5806,3249,0
5807,3250,0
5808,3251,0
5809,3246,0
5810,3246,0
5811,3250,0
5812,3251,0
5813,3249,0
5815,3253,0
5825,3992,0
5826,3256,0
5828,3328,0
5829,3328,0
5830,3737,0
5831,3737,0
5832,3256,0
5833,3256,0
5834,1407,0
5835,3259,0
5836,3260,0
5837,3267,0
5838,3262,0
5839,3263,0
5840,3264,0
5841,3265,0
5842,2615,0
5843,2615,0
5844,1407,0
5845,1407,0
5846,3259,0
5847,3259,0
5848,3081,0
5849,3081,0
5850,3260,0
5851,3260,0
5852,3260,0
5854,3268,0
5855,3269,0
5856,2322,0
5857,2322,0
5858,3992,0
5860,3992,0
5870,3990,0
5890,3280,0
5891,3281,0
5893,3283,0
5894,4428,0
5895,4428,0
5896,4506,0
5897,3281,0
5898,3281,0
5899,4479,0
5900,4479,0
5902,3285,0
5903,3286,0
5904,3287,0
5905,3286,0
5906,3287,0
5907,3287,0
5908,3285,0
5909,3285,0
5911,3288,0
5912,3289,0
5913,3290,0
5914,3288,0
5915,3288,0
5916,3284,0
5917,3284,0
5918,3291,0
5919,3292,0
5920,3293,0
5921,3281,0
5922,3281,0
5923,3291,0
5924,3291,0
5925,3294,0
5926,3295,0
5927,3296,0
5928,3291,0
5929,3291,0
5930,3294,0
5931,3294,0
5932,3297,0
5933,3298,0
5934,3299,0
5935,3294,0
5936,3294,0
5937,3298,0
5938,3298,0
5939,3299,0
5940,3299,0
5941,3297,0
5942,3297,0
5943,3300,0
5944,3301,0
5946,3301,0
5947,3300,0
5948,3300,0
5949,3326,0
5950,3326,0
5998,3319,0
6015,3326,0
6016,3327,0
6017,3326,0
6020,3327,0
6021,3327,0
6024,3328,0
6025,3904,0
6028,3329,0
6029,3904,0
6032,3331,0
6033,3332,0
6035,3331,0
6036,3331,0
6037,2404,0
6038,2404,0
6039,3334,0
6040,3334,0
6041,3334,0
6042,3335,0
6043,3336,0
6044,3337,0
6045,3335,0
6046,3335,0
6047,3440,0
6048,3440,0
6049,3336,0
6050,3336,0
6051,3337,0
6052,3337,0
6053,3440,0
6054,3440,0
6055,3440,0
6056,3922,1
6057,3339,1
6058,3340,1
6059,3341,1
6060,3342,1
6061,3343,1
6062,3344,1
6063,3345,1
6064,3956,1
6065,3954,1
6066,3974,1
6068,3350,1
6069,3351,1
6082,3364,1
6083,3365,1
6084,3366,1
6085,3367,1
6086,3368,1
6087,3369,1
6089,3371,1
6090,3918,1
6091,3373,1
6092,3374,1
6093,3375,1
6094,3376,1
6095,3377,1
6096,3378,1
6097,3379,1
6098,3380,1
6099,3381,1
6101,3383,1
6102,3384,1
6103,3385,1
6104,3386,1
6105,3387,1
6106,3388,1
6108,3390,1
6110,3392,1
6111,3393,1
6118,3400,0
6119,3400,0
6120,3400,0
6121,3401,0
6122,3401,0
6124,3403,0
6125,3404,0
6126,3403,0
6127,3403,0
6128,2958,0
6129,3406,0
6130,2958,0
6131,2958,0
6186,3425,1
6187,3425,1
6188,3427,1
6189,3428,1
6190,3428,1
6193,3431,0
6194,3432,0
6195,3335,0
6196,3335,0
6197,2404,0
6198,2404,0
6199,2412,0
6200,3433,0
6201,1638,0
6202,1638,0
6203,3921,0
6205,3436,0
6206,2978,0
6207,2978,0
6208,2978,0
6209,2978,0
6210,3437,0
6211,3438,0
6212,3439,0
6213,3440,0
6214,3002,0
6215,3002,0
6216,3441,0
6217,3442,0
6218,3442,0
6219,3442,0
6223,3444,0
6224,3444,0
6225,3444,0
6226,3445,0
6227,3448,0
6228,3448,0
6229,3445,0
6230,3445,0
6233,3448,0
6234,3448,0
6235,3448,0
6236,3452,0
6237,3451,0
6238,3454,0
6239,3454,0
6240,3452,0
6241,3452,0
6242,3451,0
6243,3451,0
6244,2934,0
6245,2934,0
6246,3454,0
6247,3453,0
6248,3454,0
6249,3454,0
6250,3454,0
6251,3453,0
6252,3453,0
6253,3453,0
6254,3453,0
6255,3455,0
6256,3455,0
6257,3455,0
6258,3456,0
6259,3457,0
6260,3457,0
6261,3457,0
6262,3458,0
6263,3459,0
6264,3456,0
6265,3456,0
6266,3460,0
6267,3460,0
6268,3460,0
6269,3284,0
6270,3284,0
6271,3461,0
6272,3461,0
6273,3461,0
6274,3462,0
6275,3463,0
6276,3463,0
6277,3463,0
6278,3920,0
6279,3920,0
6280,3920,0
6281,3465,0
6282,3466,0
6283,3465,0
6284,3465,0
6332,3486,0
6333,3487,0
6334,3488,0
6335,2193,0
6336,2193,0
6337,3486,0
6338,3486,0
6339,3489,0
6340,3490,0
6341,3491,0
6342,3486,0
6343,3486,0
6344,3489,0
6345,3489,0
6450,3535,0
6451,3536,0
6452,3537,0
6453,2199,0
6454,2199,0
6455,3535,0
6462,3541,0
6463,3542,0
6464,3543,0
6465,3541,0
6466,3541,0
6559,3585,0
6561,3587,0
6562,3588,0
6563,3589,0
6564,3590,0
6565,2203,0
6566,2203,0
6567,3588,0
6568,3588,0
6569,3591,0
6570,3592,0
6571,3591,0
6572,3591,0
6573,3593,0
6574,3594,0
6575,3595,0
6577,3593,0
6578,3593,0
6661,3630,0
6662,3631,0
6664,2163,0
6665,2163,0
6668,3631,0
6669,3631,0
6670,3630,0
6671,3630,0
6673,3633,0
6674,3634,0
6676,2132,0
6677,2132,0
6678,3635,0
6679,3635,0
6680,3633,0
6681,3633,0
6682,3634,0
6683,3634,0
6684,3636,0
6685,3637,0
6686,3638,0
6687,3637,0
6688,3637,0
6689,3636,0
6690,3636,0
6691,3638,0
6692,3638,0
6693,2183,0
6694,2183,0
6695,3639,0
6697,4046,0
6698,3638,0
6699,3638,0
6700,2168,0
6701,2168,0
6702,4046,0
6703,4046,0
6704,3639,0
6705,3639,0
6706,3642,0
6709,3645,0
6711,3647,0
6712,4047,0
6713,4047,0
6714,3645,0
6715,3645,0
6716,2186,0
6717,2186,0
6718,3647,0
6719,3647,0
6720,3648,0
6721,3649,0
6722,3650,0
6723,3648,0
6724,3648,0
6725,2170,0
6726,2170,0
6727,3651,0
6728,3652,0
6730,3651,0
6731,3651,0
6732,4357,0
6733,4357,0
6734,3654,0
6735,3655,0
6736,4358,0
6737,4358,0
6738,3654,0
6739,3654,0
6740,3655,0
6742,3658,0
6743,3658,0
6744,3658,0
6745,3659,0
6747,3659,0
6748,3659,0
6749,3658,0
6750,3658,0
6751,4364,0
6752,4364,0
6753,3656,0
6754,3656,0
6755,3661,0
6756,3662,0
6757,3663,0
6758,3662,0
6759,3662,0
6760,3661,0
6761,3661,0
6762,3663,0
6763,3663,0
6764,2141,0
6765,2141,0
6766,3664,0
6767,3665,0
6768,3666,0
6769,3664,0
6770,3664,0
6771,2118,0
6772,2118,0
6773,3667,0
6774,3635,0
6776,3667,0
6777,3667,0
6778,3635,0
6779,3635,0
6780,3669,0
6781,3669,0
6782,4460,0
6783,4460,0
6784,3670,0
6786,3672,0
6787,3673,0
6788,3655,0
6789,3675,0
6790,3670,0
6791,3670,0
6792,4353,0
6793,4353,0
6794,3673,0
6795,3673,0
6796,3675,0
6797,3675,0
6798,3676,0
6800,3678,0
6801,2184,0
6802,2184,0
6803,3663,0
6804,4393,0
6805,4393,0
6806,3676,0
6807,3676,0
6808,3679,0
6810,3681,0
6811,3679,0
6812,3679,0
6813,2143,0
6814,2143,0
6815,3682,0
6816,3669,0
6817,4397,0
6818,2200,0
6819,2200,0
6820,3669,0
6821,3692,0
6822,3692,0
6823,3682,0
6824,3682,0
6825,3685,0
6826,3686,0
6827,3687,0
6828,3687,0
6829,3687,0
6830,3685,0
6831,3685,0
6832,3686,0
6833,3688,0
6834,3688,0
6835,3688,0
6836,3689,0
6837,3690,0
6838,3691,0
6839,3691,0
6840,3688,0
6841,3688,0
6842,3691,0
6844,3693,0
6845,4397,0
6847,3691,0
6848,3691,0
6849,3693,0
6850,3693,0
6851,2202,0
6852,2202,0
6853,3694,0
6854,3695,0
6855,4055,0
6856,3695,0
6857,3695,0
6858,4055,0
6859,4055,0
6860,2146,0
6861,2146,0
6862,3694,0
6863,3694,0
6864,3697,0
6865,3698,0
6866,3645,0
6867,3645,0
6868,3699,0
6869,3700,0
6870,2125,0
6871,2125,0
6872,3701,0
6874,3703,0
6875,3702,0
6876,3702,0
6877,3701,0
6878,3701,0
6879,4458,0
6880,4458,0
6881,4348,0
6882,4348,0
6883,3704,0
6884,3705,0
6885,3706,0
6886,4378,0
6887,3703,0
6888,3709,0
6889,4345,0
6890,4345,0
6891,3703,0
6892,3703,0
6893,3709,0
6894,3709,0
6895,4378,0
6897,3710,0
6898,3711,0
6899,3712,0
6900,3713,0
6901,3714,0
6902,2187,0
6903,2187,0
6904,3712,0
6905,3712,0
6906,3715,0
6907,3716,0
6908,3717,0
6909,2152,0
6910,2152,0
6911,3715,0
6912,3715,0
6913,3718,0
6914,3719,0
6915,3720,0
6916,2205,0
6917,2205,0
6918,3718,0
6919,3718,0
6920,3723,0
6921,3722,0
6922,3722,0
6923,3718,0
6924,3718,0
6926,3723,0
6928,3725,0
6929,3726,0
6930,3727,0
6931,3723,0
6932,3726,0
6933,3726,0
6934,3727,0
6935,3727,0
6936,3725,0
6937,3725,0
6961,3736,0
6962,3736,0
6964,3246,0
6965,3737,0
6966,3249,0
6967,3249,0
6968,3737,0
6969,3737,0
6970,3300,0
6971,3300,0
6972,3253,0
6973,3253,0
7191,3836,0
7192,3837,0
7193,3838,0
7194,3838,0
7195,3838,0
7196,3839,0
7197,3840,0
7198,3838,0
7199,3838,0
7200,3839,0
7201,3839,0
7202,3840,0
7203,3841,0
7204,3841,0
7205,3841,0
7206,3842,0
7207,3841,0
7208,3841,0
7209,3843,0
7210,3844,0
7211,3845,0
7212,3843,0
7213,3843,0
7214,2161,0
7215,2161,0
7216,3846,0
7217,3847,0
7218,3848,0
7219,3846,0
7220,3846,0
7221,2212,0
7222,2212,0
7223,3184,0
7224,3850,0
7225,3851,0
7226,3878,0
7227,3191,0
7228,3191,0
7229,3188,0
7230,3188,0
7231,3853,0
7232,3194,0
7233,3206,0
7234,3209,0
7273,3868,0
7274,3869,0
7275,3870,0
7276,3870,0
7277,3870,0
7278,3869,0
7279,3869,0
7282,3868,0
7283,3868,0
7284,3871,0
7285,3460,0
7286,3460,0
7287,3460,0
7288,3871,0
7290,3873,0
7292,3875,0
7294,3877,0
7295,3878,0
7296,3879,0
7301,3885,1
7302,3886,0
7303,3887,0
7304,3888,0
7305,3891,0
7306,3893,1
7307,3894,0
7308,3895,0
7309,3896,0
7310,2391,0
7311,2391,0
7312,3894,0
7313,3894,0
7314,3897,0
7315,3898,0
7316,3431,0
7317,3431,0
7318,3432,0
7319,3432,0
7320,3899,0
7321,3900,0
7322,2383,0
7323,3432,0
7324,3901,0
7325,3434,0
7326,3434,0
7327,3921,0
7328,3288,0
7329,3288,0
7330,2951,0
7331,2951,0
7332,3903,0
7333,3904,0
7334,3905,0
7335,3904,0
7336,3904,0
7337,3905,0
7338,3905,0
7339,3906,0
7340,3906,0
7341,3906,0
7342,3909,0
7343,4434,0
7344,3910,0
7345,2958,0
7346,2958,0
7347,4434,0
7348,4434,0
7349,3909,0
7350,3909,0
7351,3910,0
7352,3910,0
7353,3911,0
7354,3911,0
7355,3911,0
7356,3912,1
7357,3912,1
7360,3914,0
7361,3915,0
7362,3916,0
7363,3917,0
7364,3918,1
7365,3914,0
7366,3914,0
7367,3919,0
7373,3922,1
7374,3923,0
7375,3924,0
7376,3925,0
7377,3920,0
7378,3920,0
7379,3919,0
7380,2976,0
7381,2976,0
7382,2976,0
7383,3926,1
7384,3930,1
7385,3931,1
7386,3926,1
7387,3932,1
7388,3933,1
7389,3934,1
7390,3935,1
7391,3936,1
7392,3937,1
7393,3938,1
7394,3939,1
7395,3940,1
7396,3941,1
7397,3374,1
7398,3942,0
7399,3943,1
7400,4031,0
7401,3944,1
7402,3945,1
7404,3947,1
7405,3948,1
7406,3948,1
7407,3949,1
7408,3949,1
7409,3950,1
7410,3951,1
7411,3382,1
7412,3952,0
7413,3953,0
7414,3347,1
7415,3955,1
7416,3955,1
7417,3955,1
7418,3346,1
7419,3957,1
7420,3958,1
7421,3959,1
7422,3960,1
7423,3961,1
7424,3961,1
7425,3962,1
7426,3963,1
7427,3964,1
7428,3965,1
7429,3966,1
7430,3967,1
7431,3968,1
7432,3968,1
7433,3968,1
7434,3969,0
7435,3970,0
7436,3971,0
7437,3972,1
7438,3973,1
7439,3973,1
7440,3982,1
7441,3975,1
7442,3975,1
7443,3976,1
7444,3977,1
7445,3978,1
7446,3978,1
7447,3978,1
7448,3979,1
7449,3979,1
7450,3980,1
7451,3981,1
7452,3348,1
7453,3983,1
7454,3983,1
7455,3984,1
7456,3986,1
7457,3985,1
7458,3985,1
7459,3986,1
7460,3987,1
7461,3988,1
7462,3989,1
7463,3989,1
7464,3991,0
7465,3992,0
7466,3993,0
7467,3995,0
7468,3996,0
7469,3997,0
7471,3999,0
7472,3997,0
7473,3997,0
7474,3996,0
7475,3996,0
7476,4000,0
7477,4000,0
7478,4000,0
7479,4001,0
7480,4002,0
7481,4003,1
7482,4004,1
7483,4005,1
7484,4006,1
7485,4007,1
7486,4008,1
7487,4009,1
7488,4010,1
7489,4011,1
7491,3352,1
7492,4012,1
7493,4013,1
7494,3367,1
7495,3367,1
7496,4014,0
7497,4342,0
7498,4016,0
7499,4017,0
7500,4018,0
7501,4019,0
7502,4020,0
7503,4021,0
7504,4030,0
7505,4023,0
7506,4024,0
7507,4025,0
7508,4026,0
7509,4027,0
7510,4028,0
7511,4029,0
7512,3998,0
7513,3998,0
7514,4017,0
7515,4017,0
7516,4014,0
7517,4014,0
7518,4019,0
7519,4023,0
7520,4023,0
7521,4030,0
7522,4027,0
7523,4027,0
7524,4016,0
7525,4016,0
7526,4018,0
7527,4018,0
7528,4017,0
7529,4031,0
7530,4032,0
7531,4033,0
7532,4034,0
7534,4036,0
7535,3927,0
7536,3927,0
7537,3929,0
7538,3929,0
7539,4036,0
7540,4036,0
7541,4031,0
7542,4031,0
7543,2138,0
7544,2138,0
7545,4392,0
7546,4392,0
7547,3637,0
7548,3637,0
7549,2163,0
7550,2163,0
7551,1682,0
7552,1682,0
7553,3664,0
7554,3664,0
7555,2141,0
7556,2141,0
7557,3636,0
7558,3636,0
7559,3656,0
7560,3656,0
7561,4037,0
7562,2143,0
7563,2143,0
7564,4394,0
7565,4394,0
7566,2168,0
7567,2168,0
7568,4369,0
7569,4369,0
7570,4038,0
7572,3702,0
7573,3702,0
7574,3702,0
7575,3675,0
7576,3675,0
7577,3642,0
7578,3642,0
7579,2169,0
7580,2169,0
7581,2192,0
7582,2192,0
7583,2191,0
7584,2191,0
7585,4041,0
7586,4041,0
7587,2185,0
7588,2185,0
7589,4041,0
7590,3695,0
7591,3695,0
7592,4041,0
7593,4041,0
7594,3678,0
7595,3678,0
7596,2145,0
7597,2145,0
7598,4042,0
7599,4042,0
7600,4042,0
7601,4042,0
7602,4043,0
7603,4043,0
7604,2145,0
7605,2145,0
7606,4043,0
7607,4044,0
7608,2126,0
7609,2126,0
7610,4045,0
7611,4043,0
7612,4043,0
7613,2122,0
7614,2123,0
7615,2123,0
7616,2146,0
7617,2146,0
7619,4047,0
7620,3697,0
7621,3697,0
7622,2125,0
7623,2125,0
7624,4048,0
7625,3846,0
7626,3846,0
7627,2161,0
7628,2161,0
7629,3837,0
7630,2152,0
7631,2152,0
7632,3712,0
7633,3712,0
7634,2170,0
7635,2170,0
7636,4383,0
7637,4383,0
7639,4501,0
7640,4501,0
7641,4050,0
7642,4051,0
7643,4052,0
7644,4053,0
7645,4054,0
7646,4051,0
7647,4051,0
7648,4052,0
7649,4052,0
7650,4052,0
7651,4052,0
7653,4056,0
7654,4057,0
7655,4058,0
7656,4059,0
7657,3591,0
7658,4060,1
7659,1105,1
7660,4062,1
7661,4063,1
7662,4064,1
7663,4065,1
7664,4066,1
7665,4067,1
7666,4068,1
7667,4069,1
7668,4070,1
7669,4071,1
7670,4072,1
7671,4073,1
7672,4074,1
7673,4075,1
7674,4076,1
7675,4077,0
7676,4078,0
7677,4080,0
7678,4080,0
7679,4078,0
7680,4081,0
7681,4082,0
7682,4083,0
7683,4084,0
7684,4085,0
7685,4086,0
7686,4086,0
7687,4087,0
7688,4088,0
7689,4089,0
7690,4090,0
7691,4088,0
7692,2064,0
7693,4091,0
7694,4092,0
7695,4093,0
7696,4094,0
7697,4095,0
7698,4101,0
7699,4095,0
7700,4097,0
7701,4098,0
7702,4099,0
7703,1393,0
7704,4097,0
7705,4100,0
7707,4102,0
7708,4103,0
7709,4104,0
7710,4105,0
7712,4107,0
7713,4108,0
7715,4112,0
7716,4106,0
7717,4112,0
7718,4113,0
7719,4114,0
7720,4115,0
7721,4116,0
7722,4117,0
7723,4118,0
7724,4119,0
7725,4120,0
7726,4121,0
7727,4122,0
7728,4123,0
7729,4124,0
7730,4125,0
7731,4126,0
7732,4127,0
7733,4125,0
7734,4129,0
7735,4131,0
7736,4131,0
7737,4135,0
7738,4132,0
7739,4133,0
7740,4135,0
7741,4135,0
7742,4130,0
7743,4136,0
7744,4137,0
7745,4138,0
7746,4139,0
7747,1515,0
7748,4140,0
7749,4141,0
7750,4142,0
7751,4143,0
7752,4144,0
7753,4145,0
7754,4146,0
7755,4147,0
7756,4148,0
7757,4149,0
7758,4150,0
7759,4151,0
7760,4149,0
7761,4149,0
7762,4152,0
7763,4152,0
7764,4152,0
7765,4153,0
7766,1510,0
7767,1510,0
7768,4154,0
7769,4155,0
7770,4156,0
7771,4157,0
7772,4158,0
7773,4156,0
7774,4156,0
7775,2011,0
7776,2011,0
7777,4159,0
7778,4160,0
7779,4161,0
7780,4159,0
7781,4159,0
7782,4156,0
7783,4156,0
7784,4162,0
7785,4163,0
7786,4164,0
7787,4159,0
7788,4159,0
7789,4162,0
7790,4162,0
7791,4165,0
7792,4166,0
7793,4165,0
7794,4165,0
7795,4167,0
7796,4168,0
7797,4169,0
7798,4169,0
7799,4169,0
7800,4167,0
7801,4167,0
7802,1489,0
7803,1489,0
7804,4170,0
7805,4171,0
7806,4172,0
7807,4171,0
7808,4171,0
7809,4170,0
7810,4170,0
7811,1481,0
7812,1481,0
7813,4173,0
7814,4174,0
7815,4175,0
7816,4173,0
7817,4173,0
7818,1460,0
7819,1460,0
7820,4176,0
7821,4177,0
7822,4178,0
7823,4176,0
7824,4176,0
7825,1493,0
7826,1493,0
7827,4179,0
7828,4180,0
7829,4176,0
7830,4176,0
7831,4181,0
7832,4182,0
7833,4179,0
7834,4179,0
7835,4183,0
7836,4184,0
7837,4185,0
7838,4183,0
7839,4183,0
7840,1969,0
7841,1969,0
7842,4186,0
7843,4187,0
7844,4186,0
7845,4186,0
7846,4188,0
7847,4189,0
7848,4189,0
7849,4189,0
7850,1975,0
7851,1975,0
7852,4190,0
7853,4191,0
7854,4190,0
7855,4190,0
7856,4192,0
7857,4193,0
7858,4192,0
7859,4192,0
7860,4194,0
7861,4195,0
7862,4196,0
7863,4192,0
7864,4192,0
7865,4194,0
7866,4194,0
7867,4197,0
7869,4199,0
7872,4201,0
7873,4201,0
7874,4197,0
7875,4197,0
7876,4200,0
7877,4200,0
7878,4201,0
7879,4203,0
7880,1482,0
7881,1482,0
7882,4203,0
7887,4210,0
7888,4205,0
7889,1993,0
7890,4206,0
7891,4207,0
7892,1993,0
7893,1993,0
7894,4204,0
7895,4204,0
7896,4204,0
7897,4209,0
7898,4204,0
7899,4204,0
7900,4208,0
7901,4211,0
7902,4212,0
7903,4208,0
7904,4208,0
7905,4210,0
7906,4212,0
7907,4212,0
7908,4211,0
7909,4211,0
7910,1991,0
7911,4214,0
7912,4214,0
7913,4213,0
7914,4213,0
7915,4215,0
7916,4216,0
7917,4217,0
7918,1630,0
7919,1630,0
7920,4215,0
7921,4215,0
7922,4218,0
7923,4219,0
7924,1932,0
7925,1932,0
7926,4220,0
7927,4221,0
7928,4222,0
7929,1931,0
7930,1931,0
7931,4220,0
7932,4220,0
7933,4223,0
7934,4224,0
7935,4225,0
7936,4226,0
7937,4227,0
7938,4228,0
7939,4226,0
7940,4226,0
7941,1945,0
7942,4229,0
7943,4230,0
7944,4231,0
7945,4232,0
7946,1790,0
7947,1790,0
7948,4233,0
7949,4234,0
7950,4235,0
7951,4236,0
7952,4237,0
7953,4238,0
7954,4239,0
7955,4240,0
7956,4241,0
7957,1712,0
7958,1712,0
7959,4239,0
7960,4239,0
7961,4242,0
7962,4243,0
7963,4244,0
7964,4245,0
7965,4246,0
7966,1650,0
7967,1650,0
7968,4244,0
7969,4244,0
7970,4247,0
7971,4248,0
7972,4249,0
7973,4244,0
7974,4244,0
7975,4247,0
7976,4247,0
7977,4250,0
7978,4251,0
7979,4252,0
7980,1717,0
7981,1717,0
7982,4250,0
7983,4250,0
7985,4254,0
7986,4255,0
7987,4255,0
7988,4255,0
7989,4254,0
7990,4254,0
7991,1693,0
7992,1693,0
7993,1922,0
7994,4256,0
7995,4257,0
7996,4258,0
7997,4257,0
7998,4257,0
7999,4258,0
8000,4258,0
8001,4256,0
8002,4256,0
8003,4259,0
8004,4259,0
8005,4259,0
8006,4260,0
8007,4261,0
8008,4259,0
8009,4259,0
8010,1760,0
8011,1760,0
8012,4260,0
8013,4262,0
8014,4264,0
8015,4264,0
8016,4262,0
8017,4262,0
8018,4265,0
8019,4266,0
8020,4267,0
8021,1624,0
8022,1624,0
8023,4265,0
8024,4265,0
8025,4268,0
8026,4269,0
8027,1862,0
8028,1862,0
8029,4270,0
8030,4271,0
8031,4272,0
8032,4273,0
8033,4274,0
8034,4275,0
8035,4276,0
8036,4274,0
8037,1791,0
8038,1791,0
8039,4277,0
8040,4278,0
8041,4279,0
8042,4280,0
8043,4281,0
8044,4477,0
8045,4277,0
8046,4277,0
8047,4278,0
8048,4278,0
8049,4278,0
8050,4278,0
8051,1925,0
8052,1925,0
8053,4283,0
8054,4284,0
8055,4285,0
8056,4283,0
8057,4283,0
8058,4277,0
8059,4277,0
8061,4287,0
8064,4288,0
8065,4290,0
8066,4290,0
8067,4290,0
8069,4292,0
8070,4293,0
8071,1690,0
8072,1690,0
8073,4288,0
8074,4288,0
8075,4294,0
8076,4295,0
8077,4296,0
8078,4288,0
8079,4288,0
8080,4294,0
8081,4294,0
8082,4297,0
8083,4298,0
8084,4299,0
8085,4298,0
8086,4298,0
8087,1692,0
8088,1692,0
8089,4297,0
8090,4297,0
8091,4300,0
8092,4301,0
8093,4302,0
8094,4303,0
8095,4304,0
8096,4305,0
8097,4306,0
8098,4307,0
8099,4308,0
8100,4309,0
8103,4310,0
8104,4311,0
8105,4312,0
8106,4313,0
8107,4314,0
8108,4312,0
8109,4312,0
8110,4315,0
8111,4315,0
8112,4315,0
8113,4316,0
8114,4317,0
8115,4315,0
8116,4315,0
8117,1797,0
8118,1797,0
8119,4318,0
8120,4319,0
8121,4320,0
8122,4321,0
8123,4322,0
8124,1651,0
8125,1651,0
8126,4320,0
8127,4320,0
8128,4322,0
8129,4322,0
8130,4323,0
8132,4325,0
8133,4320,0
8134,4320,0
8135,4323,0
8136,4323,0
8137,4325,0
8138,4326,0
8139,4327,0
8140,4328,0
8141,4329,0
8142,1654,0
8143,1654,0
8144,4327,0
8145,4327,0
8146,4330,1
8147,4331,1
8148,4332,0
8149,4333,1
8150,4334,1
8151,4335,1
8152,4336,1
8153,4337,1
8154,4338,1
8155,4339,1
8156,533,1
8157,478,1
8158,470,1
8159,544,1
8161,4341,1
8162,4341,1
8163,4483,0
8164,3327,0
8165,4343,0
8166,4342,0
8167,4342,0
8168,4483,0
8169,4483,0
8170,3327,0
8171,3327,0
8172,4343,0
8173,4344,0
8174,4345,0
8175,4346,0
8176,4347,0
8177,4345,0
8178,4345,0
8179,4038,0
8180,4038,0
8181,4344,0
8182,4344,0
8183,4348,0
8184,4349,0
8185,4350,0
8186,4351,0
8187,4352,0
8188,4353,0
8189,4354,0
8190,4355,0
8191,4356,0
8192,4357,0
8193,4359,0
8194,4360,0
8195,4361,0
8196,4362,0
8197,4363,0
8198,4364,0
8199,4366,0
8201,4368,0
8202,4369,0
8204,4371,0
8205,4372,0
8206,4373,0
8207,4374,0
8208,4375,0
8209,4361,0
8210,4361,0
8211,4369,0
8212,4369,0
8213,4376,0
8214,4377,0
8215,4378,0
8216,4379,0
8219,4382,0
8220,4383,0
8221,4384,0
8222,4385,0
8224,4387,0
8225,4388,0
8226,4389,0
8227,4390,0
8228,4391,0
8229,4392,0
8230,2180,0
8231,2180,0
8232,4393,0
8233,4394,0
8234,4395,0
8235,4396,0
8236,3692,0
8237,4398,0
8238,4399,1
8239,4400,1
8240,4401,0
8241,4402,0
8242,4403,0
8243,4404,0
8244,4405,0
8245,4406,0
8246,4407,0
8247,4408,0
8248,4409,0
8249,4410,0
8250,4411,0
8251,4412,0
8252,4413,0
8253,4414,0
8254,4415,0
8255,4416,0
8256,4417,0
8257,3124,0
8259,4420,0
8260,4421,0
8261,4422,0
8262,4423,0
8263,4425,0
8264,4423,0
8265,4423,0
8266,2333,0
8267,2333,0
8268,4426,0
8269,4427,0
8270,4428,0
8271,4429,0
8272,4428,0
8273,4428,0
8274,4430,0
8275,4431,0
8276,4432,0
8277,4433,0
8278,3434,0
8279,3921,0
8280,3921,0
8281,4432,0
8282,4432,0
8283,4433,0
8284,4433,0
8285,3908,0
8286,4435,0
8287,4436,0
8288,3908,0
8289,3908,0
8290,4434,0
8291,4434,0
8292,4437,0
8295,1525,0
8300,4445,0
8303,4444,0
8304,4446,0
8305,4447,0
8306,4448,0
8307,4447,0
8308,4447,0
8309,4448,0
8310,4448,0
8311,1379,0
8312,1379,0
8313,4446,0
8314,4446,0
8315,161,1
8316,161,1
8317,4449,1
8318,234,1
8319,234,1
8320,4450,1
8321,4451,1
8322,4451,1
8323,4452,1
8324,4453,1
8325,485,1
8326,552,1
8327,4455,1
8328,4456,1
8329,2112,1
8330,670,1
8331,3985,1
8332,4457,0
8333,3642,0
8334,3642,0
8335,4389,0
8336,4389,0
8337,4046,0
8338,4046,0
8339,4047,0
8340,4047,0
8341,4458,0
8342,4459,0
8343,4460,0
8344,4461,0
8345,4462,0
8346,4463,0
8347,4464,0
8348,4465,0
8349,4466,0
8351,4471,0
8352,4472,0
8356,4473,0
8358,4475,0
8359,4476,0
8360,2940,0
8361,4478,0
8362,4479,0
8363,4480,0
8364,4481,0
8365,4482,0
8366,3998,0
8367,4484,0
8369,4489,0
8370,4490,0
8371,4491,0
8372,4492,0
8373,4493,0
8374,4494,0
8375,4495,0
8376,4496,0
8377,4497,0
8378,4498,0
8379,4499,0
8380,4500,0
8383,1506,0
8385,860,1
8387,4501,0
8388,4506,0
8389,4507,0
8390,4508,0
8391,4509,0
8392,4509,0
8393,4509,0
8394,3903,0
8395,3903,0
8396,4508,0
8397,4508,0
8398,3283,0
8399,3283,0
8400,4506,0
8401,4506,0
8402,3134,0
8403,2579,0
8404,4510,0
8410,4523,0
8413,4519,0
8414,4519,0
8415,4527,0
8416,4527,0
8417,4510,0
8418,4510,0
8419,2539,0
8420,2539,0
8421,4519,0
8429,4526,0
8430,4527,0
8433,4527,0
8434,4527,0
8435,4540,0
8436,3127,0
8437,3127,0
8438,4526,0
8439,4526,0
8440,4529,0
8441,4529,0
8442,4529,0
8443,4530,0
8444,4530,0
8445,4530,0
8448,4538,0
8449,4540,0
8450,4536,0
8451,4528,0
8453,4532,1
8454,4532,1
8455,4528,0
8456,4523,0
8457,4523,0
8458,4536,0
8459,4536,0
8460,4536,0
8461,3121,0
8462,4542,0
8463,3121,0
8464,3121,0
8465,4543,0
8466,2579,0
8467,2579,0
8468,4544,1
8470,4547,1
8471,902,1
8472,1033,1
8474,4549,1
8475,4549,1
8476,1252,1
8477,1252,1
8478,353,1
8479,4558,1
8480,4558,1
8481,4558,1
8482,2300,1
8483,2300,1
8484,2300,1
8485,4562,1
8486,4561,1
8487,4560,1
8488,340,1
8489,340,1
8490,340,1
8491,328,1
8492,328,1
8493,328,1
8495,4564,1
8494,4563,1


