0.037178939
0.037285046
0.038282361
0.038970269
0.027118494
0.028822608
0.029412175
0.029850153
0.031646391
0.032153891
0.035743926
0.036611133
0.036979905
0.001159104
0.001351688
0.001477383
0.003479754
0.003488515
0.00370806
0.004080025
0.005240313
0.007280352
0.007605233
0.007742067
0.009570768
0.010536682
0.010583844
0.01458472
0.014889333
0.01494552
0.014971062
0.015299615
0.016121847
0.017350942
0.017945372
0.018854612
0.019411895
0.019793031
0.021284147
0.023056926
0.023525977
0.024025952
0.024397573
0.024443034
0.025364187
0.026211154
0.026345944
0.02652484
0.026536122
0.026757117