0.001375
0.001313
0.001313
0.001313
0.001313
0.001313
0.001313
0.001375
0.001438
0.001500
0.001625
0.001875
0.002063
0.002438
0.002813
0.003250
0.003625
0.003938
0.004438
0.004938
0.005250
0.005813
0.006375
0.007125
0.007813
0.008563
0.009250
0.009875
0.010375
0.010938
0.012250
0.013750
0.014938
0.016688
0.018688
0.020625
0.022813
0.024000
0.024750
0.025188
0.025438
0.025750
0.025875
0.025938
0.026125
0.025875
0.024875
0.023563
0.022000
0.020938
0.021250
0.021438
0.021625
0.021813
0.022063
0.022063
0.022313
0.021813
0.021313
0.020250
0.019125
0.018375
0.016875
0.015438
0.014188
0.012750
0.011500
0.009688
0.008375
0.006563
0.006000
0.005500
0.005125
0.004813
0.004563
0.004375
0.004250
0.004063
0.003938
0.003750
0.003563
0.003375
0.003250
0.003125
0.003000
0.002813
0.002563
0.002438
0.002313
0.002125
0.001938
0.001813
0.001813
0.001688
0.001563
0.001438
