0.005875
0.005625
0.005375
0.005000
0.004625
0.004375
0.003750
0.003375
0.003125
0.002875
0.002750
0.002375
0.002250
0.002125
0.002250
0.002375
0.002500
0.003000
0.003125
0.003750
0.004375
0.005125
0.005500
0.005750
0.006250
0.006875
0.007500
0.008125
0.008750
0.009375
0.010000
0.011250
0.012500
0.013750
0.015625
0.017125
0.018750
0.020000
0.020625
0.021625
0.021875
0.022125
0.022375
0.022500
0.022375
0.022125
0.021250
0.020375
0.019375
0.018750
0.018625
0.018750
0.018875
0.019000
0.019250
0.019500
0.019875
0.019750
0.018750
0.018125
0.017000
0.015625
0.015000
0.014125
0.012875
0.011250
0.010125
0.008625
0.007500
0.006625
0.006250
0.006500
0.006750
0.006875
0.007500
0.008000
0.008125
0.008375
0.008250
0.008125
0.008000
0.007875
0.007750
0.007500
0.007625
0.007500
0.007125
0.006500
0.005875
0.005375
0.005125
0.005000
0.005250
0.005500
0.005625
0.005875
