0.007750
0.007625
0.007375
0.007250
0.007125
0.006875
0.006000
0.005875
0.005625
0.004875
0.004625
0.004375
0.003750
0.003250
0.003375
0.003500
0.003625
0.003875
0.004000
0.004125
0.004250
0.004375
0.004625
0.005000
0.005625
0.006250
0.006875
0.007500
0.008125
0.009125
0.010000
0.011250
0.012500
0.013750
0.015000
0.016875
0.017500
0.018375
0.018500
0.018750
0.018875
0.019000
0.019125
0.019250
0.019375
0.019625
0.017875
0.016250
0.015000
0.014125
0.014375
0.014625
0.015000
0.015375
0.015250
0.015000
0.014875
0.014125
0.013750
0.013125
0.012500
0.011875
0.011125
0.010625
0.010000
0.009375
0.008750
0.008125
0.007500
0.006875
0.008125
0.009125
0.010000
0.010625
0.011250
0.011875
0.012125
0.012500
0.012375
0.011875
0.011375
0.011125
0.011000
0.010875
0.010750
0.010625
0.010375
0.009375
0.008750
0.008375
0.008250
0.008125
0.008000
0.007875
0.007750
0.007625
