0.006813
0.006625
0.006375
0.006125
0.005875
0.005625
0.004875
0.004625
0.004375
0.003875
0.003688
0.003375
0.003000
0.002688
0.002813
0.002938
0.003063
0.003438
0.003563
0.003938
0.004313
0.004750
0.005063
0.005375
0.005938
0.006563
0.007188
0.007813
0.008438
0.009250
0.010000
0.011250
0.012500
0.013750
0.015313
0.017000
0.018125
0.019188
0.019563
0.020188
0.020375
0.020563
0.020750
0.020875
0.020875
0.020875
0.019563
0.018313
0.017188
0.016438
0.016500
0.016688
0.016938
0.017188
0.017250
0.017250
0.017375
0.016938
0.016250
0.015625
0.014750
0.013750
0.013063
0.012375
0.011438
0.010313
0.009438
0.008375
0.007500
0.006750
0.007188
0.007813
0.008375
0.008750
0.009375
0.009938
0.010125
0.010438
0.010313
0.010000
0.009688
0.009500
0.009375
0.009188
0.009188
0.009063
0.008750
0.007938
0.007313
0.006875
0.006688
0.006563
0.006625
0.006688
0.006688
0.006750
