10443
10460
10477
10508
10616
10472
10352
10561
10420
10590
10593
10487
10351
10644
10414
10321
10450
10359
10550
10327
10637
10469
10243
10456
10511
10467
10241
10195
10559
10475
10506
10603
10150
10596
10183
10554
10585
10478
10333
10413
10624
10421
10639
10471
10484
10190
10604
10468
10156
10579
10363
10481
10591
10485
10638
10076
10473
10480
10353
10482
10324
10607
10602
10516
10601
10349
10365
10082
10172
10179
10354
10326
10412
10368
10395
10416
10051
10341
10422
10385
10318
10370
10164
10165
10621
10358
10615
10529
10383
10548
10427
10538
10600
10247
10531
10189
10361
10571
10476
10071
10594
10328
10434
10510
10386
10325
10302
10411
10356
10515
10347
10175
10415
10537
10534
10322
10465
10362
10089
10540
10144
10002
10547
10161
10072
10382
10350
10440
10442
10428
10430
10373
10238
10431
10380
10376
10509
10364
10355
10517
10381
10357
10488
10441
10083
10249
10299
10369
10367
10250
10087
10536
10433
10418
10375
10432
10387
10256
10429
10598
10466
10634
10543
10436
10435
10112
10575
10409
10100
10635
10501
10424
10407
10111
